0.002599
0.004769
0.002525
0.002833
0.003183
0.003684
0.003441
0.003135
0.002545
0.003108
0.002869
0.002673
0.002377
0.002726
0.002418
0.002381
0.002531
0.002587
0.002406
0.002455
0.002707
0.002456
0.002298
0.002524
0.002532
0.002617
0.002369
0.002406
0.002852
0.002299
0.002495
0.00251
0.002317
0.002586
0.003583
0.003111
0.003186
0.002462
0.002364
0.002822
0.002251
0.002419
0.002918
0.002352
0.002429
0.00246
0.00243
0.002712
0.002329
0.002362
0.002581
0.002367
0.002499
0.002452
0.00231
0.00234
0.002439
0.002367
0.002463
0.002444
0.002558
0.002386
0.002464
0.002359
0.002428
0.002492
0.002378
0.002301
0.002556
0.002384
0.002487
0.00248
0.002379
0.002392
0.002367
0.002414
0.002397
0.002514
0.002318
0.002395
0.002537
0.002266
0.00233
0.002436
0.002484
0.002382
0.002405
0.002482
0.002322
0.002461
0.00254
0.002389
0.003058
0.002317
0.002317
0.002466
0.002451
0.00231
0.002398
0.002459
0.002362
0.002392
0.002415
0.002476
0.002396
0.002454
0.002289
0.002438
0.002498
0.002305
0.0024
0.002431
0.00227
0.002452
0.00231
0.002319
0.002462
0.002662
0.002392
0.002572
0.002462
0.00239
0.002287
0.002329
0.002495
0.002386
0.002319
0.002525
0.002308
0.002332
0.002699
0.002405
0.002293
0.002466
0.002246
0.002365
0.002408
0.002331
0.002651
0.002746
0.002424
0.002396
0.002297
0.00243
0.002755
0.002518
0.002329
0.002487
0.002363
0.002451
0.002436
0.002342
0.00251
0.002534
0.00277
0.002444
0.002526
0.002542
0.002518
0.002481
0.002429
0.002457
0.002327
0.002373
0.00271
0.002913
0.002868
0.002465
0.002337
0.002503
0.002494
0.002275
0.002393
0.002384
0.002944
0.00242
0.002509
0.002346
0.00247
0.0036
0.00246
0.002332
0.002321
0.002558
0.002275
0.002559
0.00238
0.002529
0.002361
0.002746
0.002428
0.00236
0.002466
0.002375
0.002395
0.002478
0.002572
0.002494
0.002376
0.002374
0.002304
0.002467
0.002408
0.002407
0.002459
0.00255
0.002333
0.002476
0.002443
0.002431
0.002546
0.002918
0.002409
0.002616
0.002561
0.002761
0.002319
0.002248
0.002454
0.002547
0.00248
0.002452
0.002421
0.002402
0.002503
0.002313
0.002417
0.002373
0.002456
0.002356
0.002371
0.002486
0.002455
0.002446
0.002309
0.002476
0.007447
0.00287
0.002896
0.002896
0.002885
0.003573
0.00264
0.002435
0.002885
0.002679
0.002771
0.00234
0.002604
0.002447
0.002453
0.002907
0.00298
0.002988
0.002581
0.002527
0.003122
0.002832
0.003233
0.003198
0.002347
0.002581
0.002638
0.002574
0.002521
0.003099
0.002857
0.0029
0.002718
0.003092
0.00308
0.002676
0.002915
0.00258
0.002466
0.002344
0.002499
0.00275
0.002869
0.002437
0.002729
0.002854
0.002443
0.002582
0.002626
0.00234
0.003109
0.002858
0.003061
0.003023
0.002365
0.003104
0.002934
0.002316
0.002618
0.002309
0.002317
0.002591
0.002602
0.002337
0.002334
0.002834
0.002494
0.002429
0.002515
0.002405
0.002435
0.002657
0.002508
0.002453
0.002606
0.002382
0.002535
0.002447
0.002547
0.002389
0.002463
0.002546
0.00228
0.002304
0.002346
0.0027
0.002503
0.00233
0.002567
0.002327
0.002321
0.002485
0.002525
0.002437
0.002489
0.002364
0.002462
0.002386
0.002511
0.002483
0.002442
0.002301
0.002433
0.003013
0.002356
0.002306
0.002372
0.002583
0.002393
0.002421
0.002473
0.002373
0.002342
0.002314
0.002472
0.002522
0.002351
0.002375
0.002658
0.002345
0.00238
0.002495
0.00234
0.002437
0.002456
0.002408
0.002348
0.002477
0.00242
0.002428
0.002484
0.002388
0.002426
0.002474
0.002425
0.002385
0.002397
0.002605
0.002622
0.002436
0.002364
0.002343
0.002367
0.002395
0.002483
0.002567
0.002301
0.002311
0.00255
0.002544
0.002471
0.002335
0.002534
0.00235
0.002344
0.002389
0.002303
0.002437
0.002541
0.002352
0.002321
0.002378
0.002335
0.002442
0.002711
0.002417
0.002409
0.002413
0.002438
0.002358
0.002385
0.002316
0.002436
0.002314
0.002336
0.002342
0.002587
0.002448
0.002341
0.00256
0.002491
0.002375
0.002551
0.002428
0.00246
0.002309
0.002304
0.002415
0.003117
0.002434
0.002322
0.002423
0.002379
0.00257
0.002459
0.002408
0.00234
0.00252
0.002542
0.002419
0.002251
0.002352
0.002261
0.002375
0.002374
0.002331
0.002574
0.002411
0.002348
0.002348
0.002365
0.002361
0.002472
0.00247
0.002498
0.002385
0.002453
0.002278
0.002475
0.002491
0.002334
0.002539
0.002321
0.002413
0.002448
0.002334
0.002358
0.00252
0.002317
0.002538
0.002418
0.002419
0.002462
0.002313
0.002297
0.00245
0.002711
0.002382
0.002438
0.002314
0.002392
0.00234
0.004652
0.002428
0.00234
0.002323
0.002701
0.002572
0.002744
0.00247
0.002472
0.002643
0.002757
0.002513
0.00233
0.002476
0.002409
0.00258
0.002435
0.002398
0.002421
0.002699
0.00247
0.002428
0.002369
0.002405
0.002485
0.002458
0.002323
0.00252
0.002444
0.002724
0.002332
0.002462
0.002629
0.002479
0.002335
0.002279
0.002269
0.00239
0.00231
0.002394
0.002428
0.002462
0.002337
0.002335
0.002401
0.002396
0.002493
0.00229
0.002514
0.002551
0.002549
0.002475
0.002333
0.002401
0.002344
0.002365
0.002499
0.002383
0.002298
0.002417
0.002441
0.002369
0.002872
0.002349
0.002458
0.002377
0.002476
0.002366
0.002465
0.002495
0.002342
0.002459
0.002607
0.002407
0.002455
0.002334
0.002836
0.002434
0.002568
0.002368
0.002485
0.002265
0.00243
0.002471
0.002407
0.00241
0.00247
0.002682
0.002488
0.002729
0.002452
0.002355
0.002489
0.00256
0.002381
0.002363
0.00234
0.002505
0.002412
0.003237
0.002894
0.002639
0.002323
0.002673
0.002323
0.002362
0.002493
0.002546
0.002371
0.002499
0.002555
0.002367
0.002485
0.002526
0.002449
0.002464
0.002436
0.002492
0.002789
0.002592
0.002594
0.002579
0.002383
0.002348
0.002678
0.002407
0.00226
0.002523
0.00235
0.002962
0.002994
0.002774
0.002586
0.004328
0.003235
0.002398
0.002404
0.002614
0.002317
0.002443
0.002457
0.002444
0.002347
0.002596
0.002755
0.002461
0.002507
0.002454
0.00238
0.002325
0.002515
0.002442
0.002417
0.002444
0.002743
0.002816
0.002818
0.002674
0.002793
0.002507
0.002647
0.003871
0.002839
0.002794
0.002348
0.010745
0.003153
0.002351
0.003134
0.002972
0.002629
0.002852
0.002422
0.002629
0.002507
0.002472
0.002576
0.002652
0.002989
0.002466
0.002726
0.002447
0.002304
0.002606
0.002371
0.002378
0.002637
0.002273
0.002436
0.003027
0.002568
0.002461
0.002512
0.002536
0.002413
0.002525
0.002394
0.002463
0.002434
0.002515
0.002459
0.002386
0.002547
0.002321
0.002467
0.002364
0.002346
0.00239
0.002439
0.002263
0.002486
0.002428
0.002412
0.002429
0.002553
0.002428
0.00243
0.002566
0.00238
0.00237
0.002531
0.002537
0.002295
0.002505
0.002338
0.002274
0.002551
0.002328
0.002409
0.002516
0.002495
0.002371
0.002446
0.002378
0.00248
0.002303
0.002468
0.00253
0.00234
0.002416
0.002439
0.002456
0.00235
0.002374
0.002367
0.002391
0.002465
0.002548
0.002532
0.002305
0.002412
0.002463
0.002312
0.002465
0.002321
0.002334
0.002333
0.002479
0.002332
0.002483
0.002411
0.00244
0.002573
0.002452
0.002552
0.002505
0.002475
0.002415
0.002392
0.002368
0.002398
0.002321
0.002677
0.002408
0.002316
0.002418
0.002363
0.003173
0.002306
0.002598
0.002408
0.002528
0.002438
0.002345
0.002329
0.002287
0.002461
0.002397
0.002481
0.002414
0.002414
0.002446
0.00238
0.002426
0.002515
0.002273
0.002332
0.002432
0.002343
0.002517
0.002397
0.00234
0.002364
0.002428
0.002406
0.002473
0.002401
0.00239
0.002347
0.002558
0.002458
0.002505
0.002452
0.002434
0.002586
0.002865
0.002408
0.002342
0.002398
0.002487
0.00236
0.002448
0.002511
0.002606
0.002336
0.002781
0.002456
0.002313
0.00246
0.002586
0.002477
0.002558
0.00238
0.002387
0.00239
0.002545
0.003448
0.002484
0.002396
0.002466
0.003171
0.002538
0.002309
0.002344
0.002477
0.002309
0.002429
0.002556
0.002387
0.002431
0.002401
0.002405
0.002485
0.002618
0.002449
0.002338
0.002549
0.002569
0.002477
0.002443
0.002399
0.002695
0.002346
0.002388
0.002363
0.002507
0.002513
0.002357
0.00237
0.002493
0.002347
0.002481
0.00246
0.002297
0.002409
0.002361
0.002408
0.002613
0.002568
0.002353
0.002443
0.002444
0.002577
0.002325
0.002485
0.002782
0.00235
0.002339
0.002332
0.00258
0.002409
0.002334
0.002465
0.002518
0.002963
0.00275
0.00315
0.003109
0.002944
0.003002
0.00272
0.00377
0.003093
0.002939
0.002529
0.002618
0.002611
0.002497
0.002638
0.0027
0.003149
0.003075
0.003035
0.003179
0.002444
0.002383
0.002859
0.002698
0.002821
0.002863
0.002519
0.002513
0.003165
0.002716
0.00297
0.002748
0.002785
0.002728
0.002467
0.002468
0.003045
0.002391
0.002431
0.003338
0.003345
0.002774
0.002464
0.002434
0.002536
0.002406
0.00242
0.002371
0.002685
0.00243
0.002339
0.002591
0.002334
0.002329
0.002367
0.002617
0.00277
0.003154
0.003078
0.004202
0.002423
0.002463
0.002639
0.002394
0.002467
0.002546
0.002361
0.002574
0.002409
0.002352
0.004316
0.002901
0.003064
0.002586
0.002484
0.002659
0.00235
0.002306
0.002484
0.002333
0.002513
0.002466
0.002493
0.002504
0.002338
0.003903
0.002982
0.002319
0.002552
0.003098
0.002485
0.002585
0.002367
0.002331
0.002581
0.002452
0.002427
0.002549
0.002414
0.002395
0.002542
0.002335
0.002478
0.002497
0.002333
0.004037
0.002628
0.002517
0.002501
0.002322
0.002325
0.002536
0.00232
0.002417
0.00242
0.002418
0.002498
0.002496
0.002491
0.002426
0.002484
0.002392
0.0025
0.00231
0.002441
0.002365
0.002764
0.002636
0.002294
0.002366
0.002299
0.002412
0.00235
0.002411
0.002365
0.002288
0.002342
0.002501
0.002451
0.002283
0.002383
0.002313
0.002554
0.002397
0.002389
0.002411
0.002444
0.002501
0.002667
0.002461
0.002494
0.002351
0.002639
0.00247
0.002366
0.002485
0.002374
0.002388
0.002737
0.002306
0.002439
0.002392
0.002304
0.002486
0.002529
0.002252
0.002367
0.002521
0.002361
0.002452
0.002321
0.0024
0.002442
0.00233
0.002412
0.002351
0.002503
0.002372
0.002388
0.002448
0.002474
0.00232
0.002435
0.002342
0.002451
0.002565
0.002804
0.002529
0.002435
0.002684
0.002559
0.002483
0.002486
0.002285
0.002333
0.002459
0.002477
0.002341
0.002546
0.00239
0.002415
0.002451
0.002368
0.002324
0.002318
0.002347
0.002389
0.002518
0.002361
0.002596
0.002822
0.002558
0.002493
0.002557
0.002329
0.002405
0.002304
0.00252
0.002383
0.002382
0.002495
0.002331
0.002324
0.002496
0.002471
0.002771
0.002547
0.002389
0.002432
0.002538
0.002508
0.002347
0.002445
0.002511
0.002479
0.00244
0.002326
0.002393
0.002354
0.002581
0.002383
0.002365
0.00231
0.002459
0.002366
0.002354
0.002434
0.00259
0.002561
0.002579
0.002483
0.002403
0.002409
0.002472
0.002418
0.002592
0.002359
0.002366
0.002406
0.002464
0.002816
0.002387
0.002427
0.002475
0.002329
0.003002
0.002566
0.002477
0.002424
0.002396
0.002336
0.002386
0.002455
0.002422
0.00279
0.002466
0.002313
0.002354
0.002479
0.002402
0.00242
0.004121
0.002398
0.002607
0.002367
0.002313
0.002574
0.002534
0.002591
0.002529
0.002444
0.002822
0.002466
0.002288
0.002334
0.002402
0.002552
0.003435
0.002507
0.00249
0.002442
0.002505
0.002661
0.002331
0.002391
0.002536
0.002428
0.002504
0.002305
0.002388
0.002339
0.002297
0.002326
0.002602
0.002334
0.002454
0.002456
0.002458
0.002563
0.002342
0.002406
0.002316
0.002446
0.002431
0.002401
0.002383
0.002459
0.002319
0.002343
0.002514
0.002427
0.002561
0.002423
0.002338
0.00245
0.002522
0.002369
0.00243
0.002391
0.002573
0.002447
0.003161
0.002873
0.002838
0.003255
0.002333
0.002451
0.002497
0.002643
0.002359
0.002361
0.002466
0.002338
0.002495
0.002255
0.002549
0.002545
0.002453
0.002399
0.002457
0.002382
0.002315
0.002407
0.002281
0.002408
0.002557
0.002468
0.002283
0.002319
0.002395
0.00245
0.002391
0.002546
0.002418
0.00241
0.002444
0.002647
0.002525
0.002567
0.002439
0.002444
0.003047
0.002534
0.002505
0.002482
0.002477
0.00251
0.00329
0.002398
0.002343
0.002365
0.002542
0.002546
0.002401
0.002442
0.002367
0.00237
0.002597
0.002486
0.002441
0.002512
0.002389
0.002315
0.002703
0.00242
0.002329
0.002348
0.002281
0.002345
0.002406
0.002416
0.002497
0.002578
0.002468
0.002425
0.002626
0.002483
0.002396
0.002387
0.002568
0.002562
0.002296
0.002444
0.002441
0.002318
0.002442
0.002476
0.002486
0.002413
0.002397
0.002408
0.002588
0.002334
0.002443
0.002427
0.002578
0.002389
0.002261
0.002318
0.002402
0.002408
0.004478
0.002317
0.002426
0.002264
0.002308
0.00464
0.003216
0.002467
0.002305
0.005203
0.002329
0.002334
0.002441
0.002552
0.002477
0.002523
0.002497
0.002354
0.002466
0.002836
0.002393
0.00236
0.002323
0.002574
0.00236
0.002656
0.002463
0.002452
0.002281
0.002435
0.002461
0.002656
0.002337
0.002312
0.002387
0.002341
0.00237
0.002382
0.002429
0.002327
0.002451
0.00229
0.002393
0.002394
0.00232
0.002438
0.002403
0.00233
0.00243
0.002315
0.002926
0.002404
0.002475
0.002507
0.002389
0.002359
0.002431
0.002437
0.00256
0.002395
0.002282
0.002432
0.002739
0.002306
0.002399
0.002428
0.002297
0.0025
0.002456
0.002449
0.002505
0.002411
0.002337
0.002336
0.002493
0.002295
0.002361
0.002377
0.002363
0.002358
0.002333
0.002473
0.002493
0.002376
0.002322
0.002387
0.00246
0.002456
0.002363
0.002539
0.002442
0.002329
0.002298
0.002618
0.002352
0.002734
0.002476
0.002443
0.002321
0.002567
0.002527
0.002391
0.002608
0.002412
0.002334
0.00292
0.002409
0.002343
0.002424
0.002484
0.002304
0.00242
0.002415
0.002445
0.002373
0.002383
0.002417
0.002505
0.002296
0.002461
0.002329
0.002841
0.002395
0.002315
0.00239
0.00245
0.002446
0.002392
0.002489
0.002328
0.002422
0.002429
0.002359
0.002424
0.002363
0.002274
0.002484
0.002407
0.002511
0.002414
0.002368
0.002344
0.002431
0.002504
0.002463
0.002399
0.002295
0.002324
0.002528
0.002774
0.002474
0.002256
0.002362
0.002322
0.003126
0.002404
0.002362
0.002528
0.002408
0.002488
0.002452
0.002486
0.002351
0.002343
0.002358
0.002432
0.00244
0.00253
0.002394
0.002413
0.002729
0.002405
0.002518
0.002408
0.002418
0.006277
0.002414
0.002495
0.002635
0.004145
0.002935
0.002518
0.002356
0.002536
0.002607
0.003095
0.002399
0.002459
0.003024
0.002388
0.002327
0.002397
0.002389
0.002406
0.002882
0.002452
0.00247
0.002308
0.002341
0.002408
0.002432
0.002407
0.002322
0.002418
0.002487
0.002564
0.002367
0.002445
0.002317
0.002565
0.003166
0.002995
0.002966
0.003262
0.003318
0.002765
0.002862
0.003494
0.002915
0.003655
0.003513
0.002663
0.002585
0.002756
0.002673
0.002846
0.002781
0.00313
0.002626
0.002589
0.002816
0.002853
0.002781
0.00244
0.00273
0.003084
0.002533
0.00288
0.002709
0.002842
0.002484
0.002735
0.002927
0.003676
0.002415
0.00266
0.002703
0.002434
0.002804
0.002975
0.002703
0.002651
0.00244
0.002592
0.002504
0.002318
0.002371
0.002282
0.002451
0.002512
0.002489
0.002412
0.002335
0.002483
0.002328
0.003078
0.00261
0.002362
0.002511
0.002635
0.003917
0.003054
0.003034
0.002734
0.002711
0.002335
0.002421
0.002635
0.002384
0.002557
0.002553
0.00234
0.002353
0.002507
0.002316
0.002583
0.002424
0.002387
0.002302
0.002464
0.002396
0.002288
0.002341
0.002374
0.002287
0.002515
0.002506
0.002475
0.002346
0.002321
0.00234
0.00239
0.002362
0.002569
0.002422
0.003428
0.002839
0.003115
0.002406
0.002536
0.002355
0.002538
0.002399
0.002431
0.002508
0.002461
0.00233
0.002475
0.002484
0.002338
0.002875
0.00245
0.002374
0.002546
0.00245
0.002515
0.002561
0.002856
0.002297
0.002458
0.002579
0.002317
0.002411
0.002579
0.002461
0.002563
0.00254
0.002437
0.002366
0.002366
0.002379
0.002512
0.002458
0.002354
0.002277
0.002354
0.005309
0.002509
0.002594
0.00248
0.007134
0.002291
0.002356
0.002486
0.004295
0.003461
0.002441
0.002449
0.002325
0.002953
0.002612
0.002478
0.002456
0.002467
0.002376
0.002401
0.002503
0.002422
0.002533
0.002847
0.002333
0.002394
0.002309
0.002463
0.002694
0.002283
0.002478
0.002373
0.002328
0.002411
0.003389
0.002795
0.002421
0.002383
0.002472
0.002508
0.002457
0.002271
0.002426
0.002316
0.00245
0.002455
0.002416
0.002341
0.002473
0.002508
0.002487
0.002451
0.002313
0.002362
0.002344
0.002553
0.002414
0.002432
0.002392
0.002311
0.002464
0.002447
0.002464
0.002437
0.002304
0.002362
0.002869
0.002341
0.002377
0.002334
0.002416
0.002899
0.002394
0.002403
0.002401
0.00231
0.002421
0.002674
0.002578
0.002478
0.002458
0.002335
0.003123
0.002482
0.002416
0.002397
0.002337
0.002365
0.002456
0.002359
0.002334
0.002499
0.002469
0.002433
0.002832
0.002343
0.002395
0.002365
0.002462
0.002439
0.002368
0.002361
0.00252
0.003731
0.003205
0.011138
0.002952
0.005003
0.003026
0.002538
0.002442
0.002475
0.002579
0.002628
0.002356
0.00255
0.002295
0.002431
0.005399
0.002541
0.002653
0.002423
0.002951
0.002687
0.002479
0.002353
0.002523
0.002459
0.002403
0.002457
0.002354
0.002384
0.002557
0.002442
0.002349
0.002762
0.002295
0.002557
0.002591
0.002473
0.002441
0.002512
0.002398
0.002311
0.002437
0.002311
0.002371
0.002487
0.003798
0.002346
0.002384
0.002403
0.002589
0.002543
0.002373
0.002491
0.002409
0.00237
0.004131
0.002632
0.00238
0.002431
0.002421
0.003958
0.002954
0.002327
0.002422
0.002515
0.002531
0.002282
0.002485
0.002322
0.002338
0.002634
0.002462
0.002303
0.002335
0.002415
0.002482
0.002492
0.002296
0.00235
0.00257
0.002397
0.00325
0.003076
0.00235
0.002466
0.002449
0.002376
0.002401
0.002385
0.002381
0.010841
0.003381
0.002485
0.002478
0.002373
0.002297
0.002511
0.002457
0.002424
0.002421
0.002362
0.002508
0.002428
0.002293
0.002387
0.002518
0.002595
0.002432
0.002418
0.0023
0.002593
0.002335
0.002572
0.002646
0.002549
0.002472
0.002425
0.00297
0.004458
0.002276
0.002529
0.002449
0.002281
0.002512
0.002369
0.00259
0.002517
0.00245
0.002468
0.002461
0.004022
0.003047
0.003057
0.00338
0.002699
0.002388
0.002366
0.002422
0.002392
0.002304
0.002686
0.002292
0.002484
0.002352
0.002549
0.002494
0.002492
0.002441
0.002365
0.002367
0.002438
0.002398
0.002496
0.002354
0.002548
0.002647
0.002412
0.002335
0.002334
0.002441
0.002427
0.00259
0.002582
0.002573
0.00246
0.002354
0.002426
0.002519
0.0024
0.002307
0.002487
0.002375
0.002722
0.002301
0.002459
0.002429
0.002396
0.002476
0.002373
0.002445
0.002507
0.002273
0.002613
0.002568
0.002587
0.002394
0.002404
0.002338
0.002459
0.002478
0.002654
0.002519
0.002483
0.002458
0.00253
0.002414
0.002423
0.002432
0.002384
0.002394
0.002449
0.002455
0.002363
0.002629
0.002398
0.002438
0.002427
0.00249
0.002415
0.002476
0.002496
0.002497
0.002379
0.002335
0.002365
0.002567
0.002365
0.002473
0.002471
0.002416
0.002353
0.00227
0.002477
0.002404
0.002385
0.005175
0.002301
0.002373
0.002493
0.002334
0.002549
0.002475
0.002298
0.002336
0.002695
0.002354
0.002513
0.002574
0.002434
0.00238
0.002312
0.002455
0.002305
0.002468
0.002293
0.002333
0.005489
0.002322
0.002453
0.002587
0.004697
0.003153
0.002359
0.002307
0.00252
0.002435
0.002466
0.002434
0.002376
0.002489
0.002548
0.002507
0.002464
0.002411
0.002379
0.002406
0.002526
0.002371
0.002409
0.00232
0.002435
0.00251
0.002377
0.002535
0.002357
0.002427
0.002495
0.002323
0.002359
0.002382
0.002381
0.002297
0.002692
0.002357
0.002402
0.002329
0.002378
0.002595
0.002416
0.002375
0.002339
0.002425
0.002763
0.002524
0.002611
0.002496
0.00232
0.00244
0.002933
0.002338
0.002358
0.002471
0.002507
0.002832
0.002568
0.002508
0.002517
0.002416
0.002618
0.002471
0.002276
0.002345
0.002447
0.002774
0.002445
0.002475
0.00237
0.002464
0.002373
0.00271
0.002325
0.002429
0.002441
0.002674
0.002887
0.002807
0.002807
0.003097
0.003165
0.003236
0.00317
0.003103
0.003175
0.00305
0.003101
0.002708
0.002376
0.002602
0.002338
0.002443
0.002364
0.002419
0.002519
0.002501
0.002628
0.002436
0.002367
0.002407
0.002683
0.002484
0.002373
0.002515
0.002457
0.002594
0.00243
0.002517
0.002346
0.002303
0.002678
0.002411
0.002434
0.002478
0.00254
0.003951
0.002312
0.00233
0.00232
0.002499
0.002402
0.002373
0.00244
0.002682
0.00241
0.002532
0.002467
0.002403
0.002476
0.002514
0.002402
0.002876
0.00233
0.002348
0.002495
0.002417
0.00244
0.002897
0.002968
0.002813
0.002823
0.003087
0.003272
0.003425
0.00668
0.003003
0.004179
0.003006
0.002726
0.002769
0.00276
0.002944
0.002898
0.002879
0.002641
0.002649
0.003144
0.002762
0.002745
0.002748
0.002748
0.003156
0.002811
0.002769
0.002933
0.002634
0.002692
0.002754
0.002689
0.002361
0.002894
0.002385
0.00247
0.003281
0.002462
0.003227
0.002641
0.002471
0.00275
0.002419
0.002359
0.002544
0.002369
0.002444
0.002422
0.002562
0.002328
0.002354
0.002467
0.002347
0.002341
0.002512
0.002383
0.002328
0.002487
0.002727
0.002445
0.002552
0.002356
0.002327
0.002588
0.002815
0.002845
0.003242
0.004335
0.00248
0.00235
0.002455
0.00244
0.002488
0.002455
0.002389
0.002535
0.002453
0.002575
0.002534
0.002416
0.002613
0.002319
0.002323
0.00246
0.002441
0.002339
0.002571
0.002392
0.002352
0.002383
0.002467
0.002391
0.002457
0.002503
0.002402
0.002482
0.002553
0.002323
0.002469
0.002727
0.002464
0.002302
0.002384
0.00235
0.002551
0.002523
0.002405
0.002328
0.002349
0.002482
0.002306
0.002341
0.002365
0.002356
0.002403
0.002445
0.002377
0.002558
0.00235
0.002363
0.002407
0.00256
0.00231
0.002482
0.002482
0.002691
0.002535
0.002423
0.002357
0.002353
0.002354
0.002443
0.002413
0.002336
0.002437
0.002335
0.002611
0.002475
0.00237
0.002319
0.002382
0.002365
0.0026
0.002479
0.002319
0.002304
0.002452
0.002467
0.002467
0.002348
0.002408
0.002409
0.002421
0.002706
0.0025
0.002462
0.002533
0.002533
0.002478
0.002366
0.002395
0.002713
0.002335
0.002395
0.00239
0.002415
0.002517
0.002837
0.002346
0.002623
0.002425
0.002597
0.002603
0.002497
0.002362
0.002309
0.002495
0.003441
0.002394
0.00256
0.002452
0.002481
0.002535
0.002477
0.00229
0.002524
0.002495
0.002295
0.002878
0.002485
0.002384
0.002409
0.002501
0.002566
0.002431
0.002542
0.002421
0.002476
0.002381
0.002499
0.002435
0.002581
0.002337
0.00252
0.00236
0.002447
0.002495
0.002414
0.002493
0.002322
0.002467
0.002541
0.002333
0.002464
0.004517
0.002519
0.002616
0.002472
0.004137
0.002457
0.002469
0.002427
0.003152
0.002683
0.002335
0.002309
0.002454
0.00245
0.002351
0.002393
0.002654
0.002312
0.002426
0.002468
0.002423
0.00236
0.002433
0.002298
0.002344
0.00304
0.002591
0.002553
0.002374
0.002395
0.002485
0.00235
0.002348
0.002333
0.002421
0.002399
0.002492
0.002522
0.00238
0.002431
0.00258
0.002632
0.002578
0.002731
0.002501
0.002574
0.003245
0.002364
0.002551
0.002395
0.002447
0.002543
0.002622
0.002391
0.002388
0.00237
0.002329
0.00239
0.002362
0.002501
0.002337
0.002542
0.002413
0.002441
0.002433
0.002405
0.002305
0.002531
0.002537
0.00232
0.002436
0.002484
0.002764
0.002442
0.002476
0.002387
0.002484
0.002356
0.002512
0.002395
0.002381
0.002419
0.002352
0.002422
0.002435
0.00243
0.00234
0.002446
0.002518
0.002407
0.002379
0.00246
0.002499
0.002414
0.002319
0.002339
0.002429
0.002434
0.00251
0.002462
0.002354
0.002401
0.002406
0.002534
0.002645
0.002282
0.002356
0.00243
0.002518
0.002363
0.002997
0.002383
0.0023
0.002453
0.002433
0.002542
0.002494
0.002958
0.00329
0.003249
0.002304
0.002301
0.002427
0.002347
0.002448
0.003506
0.002321
0.002338
0.002437
0.00241
0.002528
0.002377
0.002279
0.002361
0.002416
0.004417
0.002472
0.002337
0.00259
0.002379
0.002456
0.002523
0.002396
0.002593
0.002487
0.002484
0.002492
0.002506
0.002433
0.002266
0.002519
0.002458
0.002368
0.00242
0.002292
0.002374
0.002437
0.002431
0.0025
0.00228
0.002315
0.002516
0.002492
0.00242
0.002333
0.002403
0.002425
0.006689
0.003123
0.00304
0.002693
0.002469
0.002332
0.002926
0.002402
0.002546
0.002464
0.002538
0.002519
0.002323
0.002507
0.002492
0.002376
0.002964
0.003152
0.003109
0.002971
0.00322
0.002564
0.002529
0.00237
0.002693
0.002315
0.002831
0.002383
0.002548
0.002446
0.002474
0.002311
0.00241
0.002421
0.002371
0.002442
0.002573
0.00233
0.002397
0.002432
0.002421
0.002313
0.00261
0.002372
0.002373
0.002323
0.002506
0.002423
0.002419
0.002442
0.002502
0.002431
0.002421
0.00246
0.002397
0.002494
0.002458
0.002309
0.002519
0.002511
0.002357
0.002419
0.00242
0.002597
0.002397
0.002511
0.002477
0.002385
0.002439
0.002499
0.00242
0.00246
0.002346
0.002366
0.002363
0.002409
0.002422
0.002403
0.002338
0.002458
0.002582
0.002327
0.002296
0.002514
0.002438
0.002492
0.002355
0.002451
0.002555
0.00257
0.002429
0.002306
0.002434
0.00235
0.002393
0.002447
0.002433
0.002406
0.00244
0.002435
0.002406
0.002619
0.002475
0.00246
0.002426
0.002455
0.002629
0.002434
0.002536
0.002359
0.00244
0.002449
0.002865
0.00241
0.00251
0.002408
0.002398
0.002629
0.002331
0.002438
0.002314
0.002471
0.002474
0.002441
0.002385
0.002504
0.002506
0.002327
0.002377
0.002332
0.002262
0.002314
0.002493
0.002313
0.002436
0.002415
0.002431
0.002365
0.002386
0.002659
0.002356
0.002355
0.002356
0.002465
0.002621
0.002353
0.002411
0.002447
0.002375
0.002528
0.002555
0.002381
0.002378
0.002427
0.002363
0.002561
0.002502
0.002413
0.002445
0.002639
0.00239
0.002426
0.002476
0.002443
0.002363
0.002467
0.002539
0.002294
0.002482
0.002403
0.002496
0.002349
0.00233
0.002473
0.002517
0.002315
0.002482
0.002325
0.002319
0.002499
0.002483
0.002475
0.00237
0.002445
0.002515
0.002421
0.002565
0.002487
0.002345
0.0023
0.002441
0.00243
0.002798
0.002548
0.002328
0.004936
0.004047
0.002458
0.002307
0.002443
0.002442
0.002553
0.002334
0.002392
0.003324
0.002341
0.002716
0.002612
0.002306
0.002468
0.002424
0.002422
0.002639
0.002389
0.00235
0.002512
0.002292
0.002359
0.002443
0.002354
0.00252
0.002382
0.002416
0.002299
0.002315
0.002396
0.002446
0.002357
0.002482
0.002382
0.002479
0.00242
0.002425
0.003247
0.002645
0.002557
0.002475
0.002404
0.002802
0.00832
0.003053
0.00269
0.002369
0.002538
0.002489
0.002419
0.002638
0.002475
0.002306
0.002383
0.002428
0.002623
0.002558
0.002532
0.002325
0.002444
0.002501
0.002453
0.002497
0.002459
0.002407
0.002376
0.002495
0.002286
0.003526
0.002917
0.00319
0.003001
0.003001
0.003093
0.003042
0.003521
0.003191
0.003145
0.0039
0.003289
0.002646
0.002389
0.002551
0.002731
0.003365
0.002773
0.002813
0.002355
0.002813
0.003274
0.002636
0.002675
0.00273
0.002566
0.002751
0.00251
0.002748
0.002824
0.002571
0.00232
0.002687
0.002447
0.00235
0.002956
0.002949
0.002599
0.002755
0.002443
0.002654
0.00245
0.002492
0.002723
0.002477
0.0025
0.002516
0.002492
0.002378
0.002614
0.002664
0.00265
0.002582
0.002501
0.002491
0.002518
0.002436
0.002553
0.002554
0.002507
0.002392
0.002532
0.002608
0.002345
0.002537
0.002335
0.002418
0.002769
0.00232
0.002395
0.002429
0.002364
0.002391
0.003246
0.002986
0.003005
0.003308
0.00265
0.002428
0.002266
0.002364
0.002391
0.002553
0.002443
0.002439
0.002334
0.002491
0.002446
0.002907
0.002322
0.002337
0.002332
0.002329
0.0025
0.002339
0.0023
0.002403
0.002422
0.002434
0.002305
0.002431
0.002375
0.002407
0.002412
0.002326
0.002347
0.002549
0.002401
0.002422
0.004808
0.002443
0.002435
0.002439
0.002295
0.003716
0.002607
0.002952
0.002613
0.002342
0.00239
0.002348
0.002317
0.002659
0.002303
0.002466
0.002527
0.002277
0.002577
0.002323
0.002309
0.002618
0.002452
0.002476
0.002428
0.002384
0.002546
0.002361
0.002289
0.002329
0.002345
0.002543
0.002514
0.002507
0.002427
0.002335
0.002506
0.002333
0.002253
0.002359
0.002436
0.002411
0.003583
0.002437
0.002286
0.002474
0.002565
0.002411
0.002623
0.002391
0.002398
0.002321
0.002592
0.002527
0.002272
0.002567
0.002321
0.002641
0.002354
0.00231
0.002413
0.002386
0.002427
0.003048
0.002453
0.002335
0.002477
0.002383
0.002513
0.002483
0.002305
0.002431
0.002388
0.002513
0.002302
0.002398
0.00261
0.002428
0.00305
0.002459
0.002303
0.002443
0.002351
0.002484
0.002289
0.002556
0.002293
0.002416
0.002342
0.002331
0.002342
0.00291
0.00231
0.002546
0.002516
0.005393
0.002488
0.002317
0.0023
0.003253
0.002955
0.002423
0.002505
0.002476
0.002556
0.002829
0.002313
0.002337
0.002535
0.002423
0.002534
0.002552
0.002339
0.002342
0.002344
0.002341
0.002566
0.002412
0.002409
0.002453
0.0035
0.002548
0.00235
0.002413
0.002371
0.002398
0.002467
0.002428
0.002434
0.002438
0.002375
0.00256
0.002457
0.002353
0.002502
0.002413
0.002636
0.002817
0.002445
0.002436
0.00237
0.002297
0.002607
0.002409
0.002286
0.002455
0.002488
0.003511
0.002442
0.00239
0.002432
0.002356
0.002616
0.002396
0.002355
0.002478
0.00247
0.003003
0.00252
0.002338
0.003232
0.002413
0.002314
0.002367
0.00447
0.002249
0.002426
0.004002
0.003057
0.002395
0.002439
0.002466
0.002433
0.003681
0.002434
0.002301
0.002519
0.00248
0.002302
0.002343
0.002503
0.002309
0.002512
0.002472
0.002297
0.002452
0.002463
0.002304
0.002283
0.002443
0.00243
0.002386
0.002458
0.002492
0.002447
0.002434
0.002462
0.002483
0.002335
0.002477
0.002388
0.002432
0.002456
0.002273
0.002334
0.002438
0.002427
0.002455
0.002397
0.002318
0.00231
0.002417
0.002472
0.002369
0.00239
0.002447
0.002598
0.003167
0.003051
0.002797
0.002433
0.002341
0.00251
0.002476
0.002268
0.002598
0.002398
0.002317
0.002401
0.002367
0.002485
0.00267
0.002329
0.002309
0.002262
0.002386
0.00245
0.00247
0.002362
0.002407
0.002525
0.002453
0.002364
0.002523
0.002403
0.002287
0.00241
0.002398
0.002445
0.002463
0.002417
0.002372
0.00245
0.002459
0.002361
0.002301
0.002792
0.002595
0.002402
0.002409
0.002466
0.002455
0.002562
0.002514
0.00241
0.002299
0.002439
0.002355
0.002335
0.002516
0.002505
0.002403
0.002393
0.002526
0.00481
0.002923
0.00262
0.002439
0.002448
0.002459
0.002378
0.00238
0.002384
0.002255
0.002694
0.002352
0.002283
0.00245
0.002537
0.002385
0.002384
0.002364
0.002613
0.002348
0.00232
0.002805
0.002979
0.002976
0.003276
0.002666
0.002328
0.002382
0.002484
0.002392
0.002313
0.002479
0.002512
0.002498
0.002441
0.002323
0.002738
0.002502
0.002373
0.002254
0.002484
0.003147
0.002353
0.00239
0.002344
0.002408
0.002605
0.002331
0.00233
0.002489
0.002432
0.002295
0.002415
0.002461
0.002444
0.002416
0.002414
0.002447
0.002475
0.002524
0.002476
0.00293
0.002638
0.002338
0.002342
0.002397
0.002429
0.002332
0.002533
0.002341
0.002336
0.002468
0.002487
0.002461
0.004559
0.002434
0.00256
0.002433
0.002286
0.002393
0.002292
0.002471
0.002542
0.002442
0.002367
0.002283
0.002578
0.002344
0.002407
0.002426
0.002282
0.002428
0.002333
0.00234
0.002631
0.002351
0.002437
0.002661
0.003026
0.002481
0.002437
0.002407
0.002334
0.002327
0.002568
0.002645
0.002359
0.002663
0.002353
0.002408
0.002748
0.002404
0.002454
0.002403
0.002342
0.002433
0.002426
0.002358
0.002598
0.002451
0.002353
0.002385
0.002293
0.002589
0.002379
0.002361
0.002921
0.002474
0.002319
0.002343
0.002313
0.00237
0.002422
0.002313
0.002456
0.002442
0.002397
0.002591
0.002417
0.002318
0.002479
0.002385
0.002519
0.002505
0.002447
0.002448
0.002274
0.002647
0.002446
0.002426
0.002829
0.002317
0.002374
0.002744
0.002345
0.002421
0.00247
0.002427
0.002563
0.002429
0.002451
0.002378
0.002332
0.002359
0.002298
0.002385
0.002578
0.002401
0.002527
0.002321
0.002367
0.002378
0.002515
0.002376
0.002431
0.004166
0.0025
0.002479
0.003066
0.002449
0.00269
0.002409
0.00241
0.002509
0.002276
0.002445
0.002447
0.0024
0.002313
0.002405
0.002349
0.002397
0.002388
0.002452
0.002422
0.00263
0.002418
0.002362
0.002292
0.002347
0.0023
0.002535
0.002401
0.002384
0.002354
0.002442
0.002295
0.002329
0.002447
0.002345
0.002413
0.002377
0.003076
0.002457
0.00242
0.002531
0.002523
0.002946
0.002327
0.002479
0.002327
0.00239
0.002455
0.002841
0.002264
0.002454
0.002565
0.002468
0.002304
0.00257
0.002574
0.00243
0.002501
0.002879
0.002446
0.002533
0.002376
0.002275
0.002626
0.002415
0.002412
0.002514
0.002356
0.002351
0.002299
0.002507
0.002287
0.002327
0.005961
0.002521
0.00233
0.002471
0.002353
0.005712
0.002522
0.002397
0.002451
0.0031
0.002356
0.002441
0.002937
0.002885
0.002924
0.003067
0.003021
0.003837
0.003342
0.005598
0.003245
0.002499
0.002501
0.002861
0.002348
0.002548
0.003134
0.002614
0.002628
0.002653
0.002608
0.002487
0.002943
0.002718
0.002435
0.00278
0.002389
0.002583
0.002812
0.003011
0.002957
0.002708
0.002581
0.002991
0.002485
0.00257
0.002541
0.00244
0.002602
0.003251
0.0026
0.002824
0.002702
0.002554
0.002379
0.002353
0.002426
0.002342
0.002754
0.002494
0.002436
0.002711
0.00231
0.002306
0.002606
0.002409
0.002816
0.00249
0.002411
0.002558
0.002732
0.002354
0.002642
0.002606
0.002415
0.002443
0.002561
0.002381
0.002254
0.003069
0.002402
0.002411
0.00248
0.002481
0.002588
0.002484
0.00257
0.002635
0.002447
0.002469
0.002375
0.002452
0.003812
0.002341
0.002553
0.002458
0.002439
0.002726
0.002401
0.002416
0.002518
0.002701
0.002933
0.002866
0.003191
0.002773
0.002628
0.002356
0.002594
0.00232
0.002522
0.002443
0.002444
0.002352
0.002434
0.00239
0.002583
0.002406
0.002275
0.002379
0.002656
0.002548
0.003089
0.002397
0.002316
0.002319
0.002379
0.002464
0.002439
0.002305
0.002482
0.002371
0.002358
0.002606
0.002355
0.002391
0.003275
0.002349
0.00652
0.002271
0.002295
0.002508
0.003598
0.002699
0.002341
0.002444
0.002419
0.002402
0.002368
0.003168
0.002448
0.002477
0.002426
0.002308
0.002349
0.002567
0.002412
0.00245
0.002637
0.002337
0.002362
0.002321
0.002508
0.002493
0.002383
0.002569
0.002467
0.002425
0.002387
0.002345
0.002396
0.002457
0.002535
0.00242
0.00248
0.002429
0.002416
0.00236
0.002438
0.0023
0.00238
0.002478
0.003654
0.002505
0.002494
0.002351
0.002381
0.002584
0.002425
0.002448
0.002331
0.002341
0.002487
0.002445
0.002316
0.002639
0.002368
0.002653
0.002507
0.002345
0.002533
0.002602
0.002315
0.002385
0.002755
0.002317
0.002854
0.002455
0.002313
0.002336
0.002351
0.002459
0.002348
0.002353
0.002474
0.002372
0.003684
0.002431
0.002345
0.002473
0.002356
0.002357
0.002537
0.002363
0.002303
0.002351
0.002386
0.002622
0.002889
0.00243
0.002445
0.002464
0.002825
0.002437
0.00229
0.002449
0.002534
0.002361
0.00235
0.002309
0.00233
0.002392
0.002397
0.00252
0.002414
0.002343
0.002286
0.00252
0.002409
0.002353
0.002329
0.002398
0.002665
0.002311
0.002666
0.002398
0.002452
0.002434
0.002422
0.002344
0.002588
0.002456
0.002522
0.002559
0.002356
0.003382
0.002312
0.002466
0.002321
0.002417
0.002595
0.002407
0.002361
0.002576
0.002392
0.002526
0.002617
0.002371
0.002384
0.002422
0.002405
0.002466
0.002365
0.002422
0.002411
0.002472
0.002646
0.002771
0.002475
0.002485
0.002437
0.002702
0.002346
0.00258
0.003412
0.002496
0.00328
0.002359
0.002496
0.00244
0.002436
0.00291
0.002715
0.002547
0.002486
0.002567
0.002971
0.003038
0.002446
0.002346
0.00251
0.002491
0.002316
0.002445
0.002416
0.002341
0.002424
0.002349
0.002413
0.002425
0.002424
0.002432
0.002547
0.002461
0.002384
0.002385
0.002449
0.002429
0.002438
0.002485
0.002412
0.002423
0.002327
0.002401
0.00247
0.002346
0.002397
0.002569
0.002769
0.002532
0.002561
0.002417
0.002301
0.002918
0.003279
0.004525
0.00247
0.002487
0.002427
0.002443
0.002419
0.002784
0.002336
0.002418
0.002283
0.002554
0.002256
0.002409
0.002654
0.002322
0.002614
0.002635
0.002439
0.002526
0.002356
0.002448
0.002377
0.002556
0.002432
0.002331
0.002373
0.002438
0.002362
0.002444
0.004147
0.002426
0.002417
0.002309
0.002304
0.003242
0.002428
0.002287
0.002411
0.0023
0.002568
0.003049
0.00259
0.002477
0.002392
0.002425
0.002467
0.002341
0.002322
0.002426
0.002405
0.002419
0.002474
0.002425
0.002413
0.002416
0.003062
0.003347
0.003347
0.003022
0.002709
0.002487
0.002486
0.002364
0.0025
0.002534
0.002376
0.002327
0.002514
0.002341
0.002304
0.002582
0.002373
0.002352
0.002502
0.002422
0.002382
0.002528
0.002371
0.002324
0.002386
0.002572
0.002525
0.002467
0.002359
0.002428
0.002348
0.002345
0.003006
0.002827
0.003074
0.003388
0.004218
0.002749
0.002487
0.002457
0.002441
0.002681
0.002527
0.002311
0.002481
0.002426
0.002615
0.003018
0.002329
0.003165
0.002374
0.004619
0.002469
0.002376
0.002459
0.002418
0.002812
0.002303
0.002306
0.002518
0.002503
0.002325
0.003159
0.002308
0.002402
0.002627
0.002541
0.002465
0.002381
0.002306
0.002435
0.002585
0.002353
0.002444
0.002281
0.002363
0.002471
0.002297
0.002409
0.002406
0.002411
0.002491
0.002492
0.002463
0.002336
0.00252
0.002427
0.002312
0.002426
0.002497
0.002427
0.00241
0.002337
0.002345
0.002435
0.002368
0.002288
0.002349
0.002353
0.002296
0.002309
0.003019
0.002693
0.002661
0.002485
0.002325
0.00245
0.002442
0.00233
0.00285
0.002555
0.00234
0.002376
0.002474
0.002454
0.002393
0.002421
0.002415
0.002298
0.002522
0.002425
0.00234
0.002688
0.002612
0.002445
0.002441
0.002304
0.002545
0.002481
0.002987
0.00246
0.002343
0.002541
0.002315
0.002403
0.002444
0.002428
0.002281
0.002487
0.002519
0.002456
0.002374
0.002396
0.002603
0.0026
0.002458
0.002321
0.002473
0.002319
0.00228
0.002581
0.002434
0.002501
0.002644
0.002387
0.002321
0.002362
0.002392
0.002366
0.002553
0.002347
0.002398
0.002327
0.002352
0.002428
0.002348
0.00249
0.002407
0.002385
0.002428
0.00245
0.002416
0.002422
0.002324
0.002444
0.00233
0.002409
0.002312
0.002435
0.002503
0.002361
0.002431
0.002486
0.002251
0.002449
0.002446
0.002426
0.002453
0.002382
0.002348
0.002449
0.002463
0.002561
0.002354
0.002498
0.002468
0.002396
0.005093
0.002435
0.002648
0.002289
0.002302
0.003249
0.002316
0.002272
0.002509
0.00246
0.00239
0.0032
0.002411
0.002424
0.002469
0.004784
0.002477
0.002359
0.002426
0.002789
0.002951
0.002453
0.002432
0.002332
0.002365
0.002405
0.002481
0.002426
0.002403
0.002853
0.002985
0.002442
0.002375
0.00238
0.002381
0.002456
0.002573
0.002527
0.002431
0.002373
0.002628
0.002375
0.00235
0.002427
0.002273
0.002388
0.002419
0.002466
0.002422
0.002397
0.002336
0.002375
0.002415
0.002336
0.002441
0.002431
0.002532
0.002413
0.002499
0.002392
0.002374
0.00284
0.002873
0.002919
0.003009
0.003153
0.005008
0.003053
0.003226
0.004109
0.004889
0.003117
0.003299
0.002604
0.002729
0.002722
0.002487
0.003006
0.002586
0.002494
0.002887
0.002762
0.002824
0.002519
0.002408
0.003216
0.002492
0.002495
0.002672
0.002708
0.002366
0.002717
0.002405
0.002619
0.002822
0.002464
0.002503
0.002281
0.003256
0.002664
0.002418
0.002506
0.003188
0.002453
0.002491
0.002514
0.002473
0.002497
0.002339
0.002341
0.00279
0.002592
0.002414
0.002416
0.002514
0.002382
0.002311
0.002606
0.002329
0.002579
0.002443
0.002532
0.002478
0.00254
0.002668
0.0023
0.002894
0.002385
0.00244
0.002554
0.002412
0.002514
0.002448
0.002467
0.002427
0.002314
0.002539
0.002505
0.002433
0.002517
0.002363
0.002421
0.002424
0.00246
0.002346
0.002468
0.002384
0.002416
0.002532
0.002423
0.00246
0.0024
0.00234
0.002321
0.002324
0.002382
0.002541
0.002911
0.002992
0.003249
0.003305
0.002479
0.002364
0.002323
0.002386
0.002457
0.002399
0.002426
0.002517
0.002359
0.002431
0.002386
0.002325
0.002434
0.002432
0.002305
0.002491
0.002405
0.002415
0.00501
0.002536
0.002418
0.00256
0.002355
0.002878
0.002426
0.002362
0.00238
0.002435
0.003197
0.002273
0.002491
0.002359
0.002563
0.002468
0.002477
0.00235
0.002358
0.002396
0.002596
0.002301
0.002405
0.002422
0.002397
0.002518
0.002671
0.002502
0.002494
0.002365
0.002346
0.002837
0.002508
0.002279
0.002585
0.002492
0.002335
0.002532
0.002442
0.002288
0.002396
0.002487
0.002333
0.002567
0.002411
0.002403
0.002439
0.002381
0.002532
0.002422
0.002555
0.002452
0.00242
0.002529
0.002315
0.002351
0.002489
0.002594
0.002448
0.0025
0.002358
0.002321
0.002528
0.002463
0.00238
0.002431
0.002316
0.002447
0.002323
0.002797
0.002558
0.002456
0.002387
0.002305
0.002446
0.002364
0.00231
0.002377
0.002397
0.002479
0.00244
0.002406
0.002252
0.002311
0.002364
0.002322
0.002462
0.002526
0.002517
0.002411
0.003845
0.002477
0.002338
0.002298
0.002504
0.003475
0.002291
0.002391
0.002377
0.002295
0.002344
0.002432
0.002314
0.00242
0.002571
0.00253
0.002421
0.002423
0.002396
0.002469
0.002411
0.002397
0.002337
0.002454
0.002353
0.002382
0.004642
0.002394
0.002369
0.00243
0.002273
0.002508
0.002483
0.002428
0.002424
0.002515
0.002298
0.002407
0.002462
0.002332
0.002513
0.002476
0.002854
0.002326
0.002606
0.002372
0.002304
0.002467
0.002372
0.002476
0.002608
0.002337
0.002505
0.002421
0.002505
0.002407
0.002413
0.002616
0.002389
0.0023
0.002471
0.002366
0.002471
0.002594
0.002408
0.002345
0.002522
0.002422
0.002601
0.002471
0.002423
0.003293
0.002509
0.002748
0.002643
0.002447
0.002356
0.002406
0.002455
0.002558
0.002548
0.002349
0.002562
0.005546
0.002513
0.002549
0.002465
0.002301
0.00274
0.002293
0.002406
0.002517
0.002585
0.002369
0.002424
0.002311
0.002312
0.00239
0.002453
0.002403
0.002736
0.002388
0.002539
0.002594
0.002553
0.002369
0.002448
0.002382
0.002361
0.002341
0.00236
0.002352
0.002344
0.00237
0.002562
0.002442
0.002478
0.002416
0.002374
0.002453
0.003116
0.003084
0.002433
0.002312
0.002462
0.002325
0.002495
0.002318
0.002504
0.002575
0.002396
0.002456
0.002387
0.002323
0.002334
0.002384
0.002355
0.002473
0.002546
0.002432
0.002487
0.002522
0.002414
0.002501
0.002495
0.002492
0.002474
0.002411
0.002369
0.002387
0.002303
0.002552
0.002369
0.002335
0.002443
0.00238
0.002339
0.00233
0.002418
0.002549
0.002676
0.002345
0.002491
0.002437
0.00231
0.002485
0.00251
0.002379
0.002553
0.00246
0.002322
0.00292
0.002401
0.002406
0.002545
0.002403
0.002306
0.002405
0.002281
0.002394
0.002497
0.002485
0.00619
0.002486
0.002365
0.002462
0.002418
0.004748
0.003103
0.002384
0.002424
0.003185
0.0024
0.002548
0.002389
0.002358
0.002556
0.002339
0.002342
0.002534
0.002543
0.002397
0.00244
0.002472
0.002495
0.002319
0.00246
0.002339
0.002416
0.002454
0.002502
0.0024
0.002362
0.002405
0.002298
0.002643
0.002311
0.002406
0.002651
0.002771
0.002786
0.003038
0.003211
0.002737
0.002372
0.00243
0.002517
0.002466
0.002579
0.002383
0.002423
0.002299
0.002487
0.002336
0.002515
0.00244
0.00235
0.002313
0.002452
0.002471
0.002358
0.002405
0.002466
0.00249
0.002435
0.002526
0.002449
0.002462
0.002861
0.002697
0.002342
0.002437
0.002384
0.002409
0.003291
0.003181
0.002396
0.002454
0.002466
0.002789
0.002343
0.002302
0.002641
0.002335
0.002252
0.002745
0.002339
0.002345
0.002377
0.002583
0.00251
0.002484
0.002438
0.002474
0.002431
0.002515
0.002425
0.002393
0.002593
0.002448
0.002514
0.002317
0.002323
0.002469
0.002412
0.002507
0.002482
0.002522
0.00249
0.002317
0.00237
0.002559
0.002581
0.00244
0.002367
0.002287
0.002516
0.002331
0.002437
0.002487
0.00237
0.002417
0.002432
0.00242
0.002376
0.002669
0.0023
0.002393
0.002372
0.002436
0.002541
0.002383
0.002449
0.002433
0.002307
0.002396
0.002405
0.002477
0.002482
0.002302
0.002287
0.00243
0.00242
0.002281
0.00251
0.002357
0.00237
0.002509
0.002479
0.002553
0.002429
0.002443
0.002375
0.002545
0.002384
0.002388
0.002431
0.002316
0.002336
0.002414
0.00341
0.002475
0.002299
0.002441
0.002358
0.002362
0.002397
0.002397
0.002301
0.002521
0.002419
0.002396
0.002351
0.002315
0.002494
0.002348
0.002642
0.002629
0.002488
0.00243
0.002501
0.002435
0.002384
0.002529
0.002402
0.002366
0.002325
0.002314
0.002298
0.002437
0.002356
0.002423
0.002519
0.002324
0.002365
0.002354
0.002464
0.002711
0.002506
0.002289
0.002325
0.002247
0.002325
0.002402
0.002389
0.002257
0.002595
0.002553
0.002366
0.002363
0.002368
0.00232
0.002346
0.002502
0.00236
0.002488
0.002424
0.002251
0.002381
0.002974
0.002394
0.002458
0.002395
0.002459
0.002376
0.002804
0.002368
0.002279
0.002539
0.002357
0.002763
0.002594
0.002294
0.002336
0.002455
0.00245
0.002368
0.002324
0.002419
0.002308
0.002254
0.002416
0.002569
0.002636
0.002304
0.002382
0.003301
0.002442
0.002457
0.0025
0.002568
0.003182
0.002714
0.002441
0.002382
0.002346
0.002317
0.00246
0.002559
0.004265
0.003495
0.003033
0.002883
0.003205
0.006396
0.003298
0.002425
0.002417
0.002475
0.002548
0.003478
0.002555
0.002623
0.002566
0.002786
0.002939
0.002545
0.002388
0.002695
0.002652
0.002796
0.002835
0.00239
0.002407
0.002802
0.002497
0.002735
0.002827
0.002648
0.002478
0.00257
0.002374
0.00243
0.002886
0.002818
0.003542
0.002451
0.002402
0.002546
0.002413
0.002492
0.002403
0.002325
0.002643
0.002317
0.002679
0.002393
0.002369
0.002514
0.002456
0.002378
0.002539
0.002293
0.002414
0.002736
0.002345
0.002347
0.002397
0.002298
0.002365
0.002439
0.00231
0.002548
0.002304
0.002574
0.002547
0.002582
0.002351
0.002391
0.002291
0.002625
0.002294
0.002433
0.002423
0.002489
0.002499
0.002759
0.002333
0.00256
0.002403
0.002442
0.002488
0.002593
0.002266
0.002327
0.002609
0.002414
0.006372
0.002487
0.002402
0.002389
0.002547
0.002423
0.002565
0.002445
0.002483
0.002456
0.003214
0.002707
0.00255
0.002509
0.002369
0.002321
0.002273
0.002359
0.002389
0.003217
0.002402
0.00241
0.002385
0.002912
0.00284
0.002783
0.002908
0.003346
0.002589
0.002378
0.002446
0.002337
0.00242
0.002333
0.002442
0.002545
0.002418
0.002403
0.002389
0.002341
0.002328
0.002496
0.002309
0.002434
0.002431
0.00245
0.002446
0.002372
0.00245
0.002496
0.00239
0.00239
0.002307
0.002402
0.002302
0.002429
0.002392
0.002515
0.002598
0.002827
0.002286
0.002928
0.00234
0.002359
0.002399
0.002313
0.002638
0.002396
0.002446
0.002474
0.00233
0.002343
0.002881
0.002461
0.002555
0.003105
0.002383
0.002495
0.002311
0.002338
0.002324
0.002441
0.00273
0.00247
0.002361
0.002347
0.002353
0.002488
0.002383
0.002341
0.00231
0.002353
0.002521
0.002389
0.0024
0.002409
0.002342
0.002406
0.002259
0.002482
0.002276
0.002429
0.002338
0.002563
0.002415
0.002533
0.002378
0.002296
0.002311
0.002487
0.002468
0.002342
0.002536
0.002425
0.002367
0.002399
0.002312
0.002426
0.002364
0.002433
0.002629
0.0026
0.002291
0.002371
0.002435
0.002497
0.002413
0.002386
0.002565
0.002512
0.002439
0.002324
0.002583
0.002398
0.002354
0.002438
0.002455
0.002468
0.002568
0.002407
0.002398
0.002512
0.002546
0.002573
0.002295
0.002376
0.002452
0.002621
0.002439
0.002457
0.002454
0.00236
0.002487
0.002448
0.002523
0.002459
0.002321
0.002456
0.002396
0.002455
0.002431
0.00244
0.002559
0.00238
0.002404
0.002428
0.002457
0.00247
0.002447
0.002432
0.002278
0.002437
0.002362
0.00257
0.002366
0.002463
0.002397
0.002438
0.002396
0.002524
0.002538
0.00241
0.002376
0.00241
0.002612
0.002358
0.002443
0.002649
0.002347
0.002434
0.00246
0.002435
0.002344
0.002359
0.002343
0.00249
0.002422
0.002284
0.002276
0.002302
0.002388
0.002716
0.002417
0.0024
0.002481
0.00241
0.00805
0.002563
0.002264
0.004061
0.00259
0.002424
0.002528
0.002323
0.002494
0.002387
0.002424
0.002282
0.00244
0.002478
0.002434
0.002466
0.002573
0.00262
0.002499
0.002345
0.002377
0.002422
0.002583
0.002589
0.002476
0.002438
0.002386
0.002498
0.002478
0.002597
0.002464
0.002366
0.002479
0.002347
0.002373
0.002468
0.002398
0.00234
0.002839
0.002903
0.002485
0.002588
0.002313
0.003065
0.002472
0.002428
0.002459
0.002425
0.002513
0.002332
0.002424
0.002454
0.002381
0.002576
0.002377
0.002362
0.002326
0.002377
0.002552
0.002378
0.002501
0.00236
0.002377
0.002407
0.002311
0.002482
0.002414
0.002371
0.002362
0.002543
0.00234
0.002386
0.003578
0.002357
0.002445
0.002677
0.007819
0.002424
0.00236
0.003595
0.002782
0.002348
0.00234
0.002419
0.002523
0.002447
0.002347
0.002807
0.0026
0.002407
0.004675
0.002494
0.002499
0.002466
0.002391
0.003146
0.003005
0.003243
0.002747
0.004005
0.003195
0.002835
0.0029
0.003029
0.002418
0.002557
0.002507
0.002477
0.002631
0.002362
0.002323
0.002438
0.00232
0.002687
0.002421
0.002531
0.002488
0.002403
0.002475
0.00242
0.002347
0.002468
0.002472
0.002542
0.002531
0.002397
0.002434
0.002365
0.002402
0.002507
0.002444
0.002293
0.002296
0.00237
0.002382
0.002396
0.002367
0.002409
0.002414
0.002779
0.002769
0.003437
0.003194
0.00301
0.002366
0.002462
0.002555
0.002402
0.002451
0.002509
0.002334
0.002355
0.002419
0.002411
0.002377
0.002462
0.004108
0.002459
0.004152
0.002674
0.002388
0.002433
0.002533
0.002423
0.002306
0.002902
0.002387
0.002417
0.002571
0.002378
0.002393
0.002407
0.002354
0.002526
0.002368
0.002461
0.002433
0.00246
0.003066
0.002494
0.002401
0.002318
0.002375
0.002678
0.002324
0.002384
0.002338
0.002301
0.002288
0.002523
0.002306
0.00246
0.002301
0.002357
0.002415
0.002292
0.002428
0.002409
0.002474
0.002385
0.003781
0.002434
0.002424
0.002428
0.002579
0.002506
0.002445
0.002443
0.002331
0.002524
0.002365
0.002721
0.002426
0.002468
0.002445
0.002334
0.002525
0.002391
0.002364
0.002357
0.002514
0.002334
0.002348
0.00249
0.002317
0.00235
0.002439
0.002513
0.002359
0.002422
0.002359
0.002576
0.002296
0.002328
0.002374
0.002561
0.002428
0.002508
0.002449
0.002305
0.002514
0.002339
0.00239
0.002519
0.002548
0.002501
0.002333
0.00259
0.002275
0.002458
0.002346
0.002408
0.002306
0.002493
0.002369
0.002373
0.002602
0.002346
0.002335
0.002365
0.002434
0.002412
0.003091
0.002353
0.002495
0.002467
0.002354
0.002643
0.002619
0.002385
0.002353
0.002368
0.002361
0.00248
0.002493
0.002293
0.002395
0.002401
0.002531
0.002318
0.002417
0.00267
0.002344
0.002484
0.002354
0.002515
0.002437
0.002569
0.002367
0.002459
0.002332
0.002307
0.002469
0.00254
0.002635
0.002324
0.002322
0.002464
0.002389
0.002516
0.002338
0.002415
0.002553
0.002481
0.00236
0.002575
0.002385
0.002442
0.002548
0.002312
0.00277
0.002552
0.002419
0.00261
0.002544
0.002533
0.003936
0.002573
0.002648
0.002497
0.002495
0.002532
0.00252
0.002414
0.002515
0.002439
0.00236
0.002359
0.002608
0.00242
0.002609
0.002486
0.002412
0.002275
0.002408
0.002373
0.002335
0.00249
0.002675
0.003031
0.002921
0.002777
0.002994
0.003132
0.00284
0.003048
0.003136
0.002895
0.011423
0.003217
0.002493
0.002675
0.002774
0.002609
0.002526
0.002462
0.002513
0.002394
0.002591
0.002629
0.0028
0.002635
0.002604
0.002911
0.002967
0.002428
0.002912
0.003
0.002721
0.00307
0.003175
0.002511
0.002322
0.003914
0.002377
0.002346
0.002611
0.002387
0.00236
0.002488
0.002313
0.002492
0.002522
0.002545
0.002488
0.002533
0.002386
0.002593
0.002958
0.002493
0.002286
0.002589
0.002467
0.002455
0.002767
0.002325
0.002397
0.002558
0.002271
0.002309
0.002465
0.002348
0.002335
0.002425
0.002397
0.002456
0.002866
0.002652
0.002516
0.002446
0.002422
0.002536
0.002495
0.002466
0.002412
0.002482
0.00243
0.002362
0.002304
0.002446
0.002962
0.002469
0.002354
0.00241
0.002427
0.002602
0.002506
0.002479
0.002378
0.00239
0.002686
0.002407
0.002488
0.002288
0.00245
0.002326
0.002341
0.002407
0.002435
0.002453
0.002448
0.00234
0.002461
0.002495
0.002369
0.002426
0.002658
0.002337
0.002351
0.002524
0.002467
0.002489
0.00243
0.002351
0.002447
0.002415
0.002581
0.00261
0.002382
0.002503
0.002457
0.002323
0.002464
0.002852
0.002783
0.003041
0.003739
0.00238
0.002443
0.002457
0.002552
0.002336
0.002502
0.002318
0.002385
0.003525
0.002474
0.002366
0.002326
0.002462
0.002348
0.002351
0.002346
0.002421
0.002442
0.002526
0.002506
0.002327
0.002458
0.002419
0.002305
0.002541
0.002459
0.002638
0.002422
0.002349
0.002538
0.002335
0.002323
0.002385
0.002387
0.002296
0.002436
0.002375
0.005955
0.002367
0.002485
0.002355
0.002458
0.002456
0.003842
0.002355
0.002476
0.002444
0.002392
0.002386
0.002392
0.002305
0.002387
0.002452
0.002544
0.002534
0.002493
0.002352
0.002332
0.002452
0.002394
0.002419
0.002354
0.00242
0.002349
0.002352
0.002473
0.002347
0.002358
0.002575
0.002338
0.004572
0.002418
0.002407
0.002392
0.00244
0.00256
0.002301
0.002394
0.002388
0.002457
0.002372
0.002379
0.002403
0.002517
0.002621
0.00244
0.002669
0.002426
0.002315
0.002435
0.002329
0.002414
0.002417
0.002413
0.002318
0.00252
0.002383
0.002297
0.002469
0.002395
0.002314
0.002431
0.00251
0.002387
0.0023
0.002516
0.002455
0.002527
0.002354
0.002411
0.002317
0.002462
0.002536
0.002563
0.00254
0.002513
0.00242
0.00248
0.002338
0.002477
0.002531
0.00242
0.002445
0.002965
0.002272
0.002334
0.00251
0.002476
0.003147
0.002703
0.002395
0.002416
0.002427
0.002454
0.002325
0.00248
0.002375
0.002475
0.002369
0.00249
0.002301
0.002434
0.002408
0.002296
0.002464
0.002465
0.002456
0.0024
0.002471
0.002392
0.002405
0.002396
0.002441
0.002504
0.002466
0.002596
0.00229
0.0024
0.003192
0.002408
0.003094
0.0024
0.00234
0.002432
0.002401
0.00306
0.002544
0.002445
0.0025
0.002325
0.00234
0.002718
0.0023
0.002347
0.002398
0.002454
0.00232
0.002405
0.002433
0.002283
0.002488
0.002464
0.002347
0.002544
0.002418
0.002425
0.002473
0.002376
0.002313
0.002322
0.002329
0.002416
0.002844
0.002516
0.002491
0.002389
0.002327
0.002474
0.002316
0.00274
0.002528
0.002324
0.002343
0.002947
0.002717
0.002435
0.002527
0.005506
0.003022
0.002951
0.002616
0.002362
0.002383
0.002374
0.002419
0.002577
0.002523
0.002441
0.00233
0.002414
0.002407
0.002539
0.002429
0.002365
0.002323
0.00245
0.002451
0.002504
0.002344
0.002404
0.002487
0.002288
0.002357
0.00242
0.002496
0.002453
0.002643
0.002593
0.002334
0.002637
0.002451
0.002372
0.00281
0.002343
0.002456
0.002569
0.002419
0.002757
0.002589
0.002412
0.002358
0.002415
0.00248
0.0024
0.002426
0.00245
0.002274
0.002505
0.002647
0.002374
0.00265
0.002669
0.002567
0.002517
0.002404
0.002363
0.002437
0.002328
0.002316
0.002484
0.002475
0.002488
0.00247
0.002422
0.002453
0.002415
0.002363
0.002421
0.00239
0.002619
0.002318
0.002317
0.002382
0.002316
0.002518
0.002414
0.002295
0.002373
0.002514
0.002413
0.002378
0.002569
0.002322
0.00265
0.002385
0.002368
0.002381
0.002452
0.002596
0.002351
0.002437
0.002293
0.002495
0.002397
0.002341
0.002415
0.002317
0.002309
0.002419
0.002385
0.002523
0.002359
0.002565
0.002395
0.00236
0.00241
0.002435
0.002463
0.002681
0.002438
0.002389
0.002438
0.002468
0.002399
0.002312
0.002436
0.002362
0.002303
0.002499
0.002274
0.0029
0.002881
0.002788
0.003225
0.003014
0.002352
0.002482
0.002374
0.002428
0.002557
0.002352
0.002389
0.002467
0.002437
0.002308
0.002488
0.002346
0.002504
0.002323
0.002592
0.002331
0.002431
0.002624
0.002464
0.002436
0.002442
0.002401
0.002353
0.002446
0.002299
0.002458
0.002603
0.002327
0.002392
0.0024
0.002403
0.002301
0.00258
0.002296
0.00247
0.002391
0.003662
0.002348
0.002399
0.002449
0.002403
0.003059
0.003057
0.002413
0.00248
0.002404
0.0026
0.002393
0.002307
0.002416
0.002447
0.002428
0.002445
0.002333
0.002403
0.002394
0.002432
0.002422
0.002358
0.002392
0.002522
0.002437
0.003392
0.002749
0.002507
0.002415
0.0024
0.002592
0.002338
0.002587
0.002485
0.002338
0.002448
0.002511
0.002663
0.002292
0.002372
0.002343
0.002416
0.00244
0.002336
0.002343
0.002508
0.003627
0.002835
0.002525
0.002253
0.002322
0.002585
0.002333
0.002468
0.002558
0.002343
0.002443
0.002375
0.002365
0.002417
0.002501
0.002434
0.002501
0.002523
0.002379
0.002347
0.002482
0.002861
0.002445
0.002461
0.003234
0.002334
0.002366
0.002582
0.002441
0.002494
0.002322
0.002388
0.002444
0.00249
0.002444
0.002549
0.002431
0.002469
0.002572
0.002415
0.002304
0.00315
0.002399
0.002279
0.002405
0.002675
0.002441
0.002412
0.002421
0.002394
0.002432
0.00242
0.002541
0.002564
0.002463
0.002262
0.002378
0.002531
0.002313
0.002345
0.002397
0.002801
0.002401
0.00238
0.002309
0.002474
0.002554
0.002425
0.002406
0.002426
0.002466
0.002408
0.002437
0.003943
0.002406
0.002391
0.002385
0.002489
0.002541
0.002376
0.00252
0.002507
0.002383
0.002321
0.00261
0.002417
0.002531
0.002366
0.002428
0.002387
0.002357
0.002318
0.00241
0.002429
0.002467
0.002342
0.002326
0.002473
0.002414
0.002943
0.003151
0.002883
0.002804
0.003405
0.003407
0.003419
0.003703
0.002557
0.002714
0.003029
0.002703
0.002496
0.002538
0.0024
0.002627
0.00259
0.002307
0.002359
0.002577
0.002511
0.002315
0.002614
0.002396
0.002394
0.00267
0.002327
0.002432
0.002555
0.00245
0.00234
0.002495
0.002346
0.002327
0.002507
0.002323
0.002434
0.00259
0.002388
0.002353
0.00251
0.002379
0.002373
0.002592
0.002552
0.003014
0.002507
0.00242
0.002345
0.002528
0.00236
0.002363
0.00247
0.002441
0.002396
0.002669
0.002375
0.002477
0.00248
0.002324
0.002427
0.002719
0.002331
0.00239
0.002475
0.002603
0.002436
0.002558
0.002384
0.002388
0.002724
0.002382
0.002509
0.002526
0.002528
0.002634
0.00255
0.002299
0.002475
0.002728
0.002463
0.002448
0.002487
0.002436
0.002519
0.002336
0.002339
0.002379
0.002671
0.002451
0.003042
0.002374
0.002534
0.002406
0.00239
0.002609
0.002288
0.002546
0.002383
0.002372
0.002375
0.002622
0.002552
0.002485
0.002318
0.002297
0.003304
0.002331
0.00245
0.002358
0.00236
0.00242
0.002561
0.002426
0.002453
0.002361
0.002477
0.002432
0.002437
0.002412
0.002316
0.002429
0.002754
0.002404
0.002398
0.002405
0.002329
0.002435
0.002562
0.002369
0.002403
0.002476
0.002332
0.002342
0.002431
0.002326
0.002498
0.002475
0.002508
0.002795
0.002933
0.002685
0.003137
0.003309
0.002913
0.00249
0.002419
0.00233
0.002411
0.002443
0.002339
0.002276
0.002657
0.002275
0.002582
0.002415
0.002313
0.00233
0.002282
0.002457
0.002514
0.002478
0.002479
0.002319
0.002497
0.002368
0.002447
0.002397
0.002319
0.002456
0.002404
0.002364
0.002423
0.00252
0.002488
0.002584
0.002371
0.002523
0.002537
0.002334
0.002361
0.00273
0.00248
0.002489
0.002351
0.002647
0.002313
0.002435
0.002508
0.002332
0.002461
0.002463
0.002297
0.002363
0.003024
0.002429
0.00233
0.0024
0.002645
0.002471
0.002253
0.00232
0.002451
0.002488
0.002554
0.002382
0.002317
0.002565
0.002394
0.002456
0.002594
0.002422
0.002367
0.002304
0.002401
0.002443
0.002481
0.002489
0.002387
0.002372
0.002412
0.002651
0.00245
0.003759
0.002322
0.002372
0.002503
0.002438
0.002407
0.002493
0.002403
0.002291
0.00238
0.002368
0.002352
0.002391
0.002327
0.002377
0.006244
0.002364
0.002275
0.002355
0.002339
0.002313
0.003019
0.002435
0.002458
0.004085
0.002793
0.002481
0.002445
0.002322
0.002683
0.00234
0.002459
0.002673
0.002376
0.002603
0.002651
0.002346
0.002401
0.002573
0.002406
0.002277
0.002716
0.002418
0.002327
0.002407
0.002415
0.002639
0.002448
0.002541
0.002448
0.002462
0.002662
0.002832
0.002351
0.002496
0.002373
0.002736
0.002502
0.002426
0.002345
0.002436
0.002437
0.002517
0.002454
0.002443
0.002377
0.002446
0.002422
0.002488
0.002353
0.002413
0.00239
0.002341
0.002694
0.002372
0.002344
0.002507
0.002381
0.002551
0.002446
0.002289
0.002448
0.002457
0.002354
0.003917
0.00245
0.002327
0.002642
0.002573
0.002642
0.002476
0.00237
0.00232
0.002449
0.002332
0.002513
0.002302
0.002324
0.002405
0.002242
0.00242
0.002376
0.002465
0.002447
0.002539
0.002468
0.002589
0.002554
0.00248
0.002489
0.002363
0.002439
0.002406
0.002397
0.002459
0.002412
0.002346
0.0025
0.002767
0.002255
0.002295
0.002516
0.002271
0.004845
0.002938
0.002758
0.002461
0.002359
0.002249
0.002461
0.002456
0.002327
0.002464
0.002561
0.002344
0.002299
0.002474
0.002419
0.002537
0.002443
0.002471
0.002404
0.002372
0.002316
0.003025
0.002444
0.002439
0.002397
0.002302
0.002456
0.002367
0.002446
0.002428
0.002485
0.002367
0.002516
0.002397
0.002303
0.002329
0.002357
0.002351
0.00245
0.002341
0.002342
0.002501
0.002325
0.002366
0.002509
0.002442
0.00235
0.002362
0.002388
0.002406
0.002458
0.002393
0.002374
0.002357
0.002409
0.002603
0.002441
0.002341
0.002496
0.002427
0.002346
0.002412
0.002384
0.002336
0.002452
0.002473
0.003189
0.003002
0.002429
0.002463
0.002341
0.00293
0.00318
0.003269
0.003005
0.002349
0.002427
0.002342
0.002301
0.002355
0.002344
0.003292
0.002599
0.002467
0.00246
0.002492
0.002453
0.002526
0.002499
0.0026
0.002363
0.002413
0.002565
0.002545
0.002368
0.002349
0.002485
0.00265
0.002378
0.002414
0.002489
0.002522
0.002324
0.002485
0.002466
0.002336
0.002475
0.00248
0.002421
0.003072
0.002464
0.0023
0.002315
0.002347
0.002556
0.002545
0.002313
0.002351
0.002511
0.002438
0.002543
0.002306
0.002355
0.002599
0.002357
0.002412
0.002359
0.002563
0.002309
0.002422
0.002421
0.002295
0.002317
0.002452
0.002354
0.002451
0.002372
0.002824
0.002929
0.002991
0.003512
0.002737
0.002338
0.002516
0.00244
0.002476
0.002495
0.002417
0.002395
0.002329
0.002489
0.002299
0.002433
0.002522
0.002458
0.002441
0.002496
0.00243
0.002478
0.002351
0.002452
0.00245
0.002405
0.00262
0.002587
0.002456
0.002502
0.002388
0.002408
0.002403
0.002352
0.002384
0.002578
0.002364
0.002421
0.003129
0.002914
0.00263
0.002438
0.002335
0.00244
0.002425
0.002367
0.002383
0.00248
0.002441
0.002678
0.002307
0.002436
0.0024
0.002553
0.002338
0.002491
0.002374
0.002329
0.002332
0.003024
0.00247
0.002315
0.00241
0.00245
0.002439
0.002481
0.002356
0.002301
0.002448
0.002546
0.002329
0.002531
0.00247
0.002465
0.002374
0.002581
0.002394
0.002458
0.002437
0.002363
0.002308
0.002361
0.002393
0.002305
0.002377
0.002566
0.002393
0.002505
0.002423
0.002323
0.002465
0.002267
0.002639
0.002324
0.002454
0.002572
0.002294
0.002363
0.00249
0.002438
0.002316
0.002589
0.002498
0.002434
0.002423
0.003036
0.002382
0.002442
0.002594
0.002431
0.00259
0.002483
0.002354
0.002374
0.002408
0.003091
0.004171
0.002516
0.002397
0.002698
0.004478
0.002475
0.00251
0.002378
0.002408
0.005534
0.003491
0.002354
0.002471
0.00259
0.002489
0.002355
0.002563
0.002471
0.002326
0.002382
0.002478
0.002415
0.002481
0.002508
0.002332
0.002435
0.002385
0.002478
0.002296
0.002322
0.002788
0.002577
0.002407
0.002326
0.002383
0.002575
0.002332
0.002437
0.002398
0.002563
0.002436
0.002305
0.002425
0.002283
0.002297
0.002486
0.002654
0.002433
0.002496
0.00234
0.00231
0.002328
0.003334
0.002401
0.002459
0.002479
0.002499
0.002749
0.002318
0.00257
0.002538
0.002494
0.002971
0.002516
0.002444
0.002412
0.002398
0.002415
0.002355
0.00238
0.002503
0.002397
0.002283
0.003431
0.0029
0.003359
0.003126
0.002886
0.006305
0.003048
0.002983
0.003126
0.002689
0.002344
0.002485
0.002721
0.002744
0.002526
0.002756
0.002563
0.002532
0.002516
0.002571
0.002972
0.002453
0.002752
0.002769
0.002549
0.0026
0.002677
0.002591
0.002462
0.002628
0.002337
0.002685
0.002776
0.002358
0.003114
0.003168
0.003119
0.002583
0.002436
0.002452
0.002449
0.002324
0.002354
0.002301
0.0024
0.002413
0.002599
0.002441
0.002425
0.002391
0.002518
0.002327
0.002338
0.002593
0.002433
0.002409
0.002577
0.002389
0.00265
0.002379
0.002511
0.002367
0.002479
0.002447
0.002315
0.002315
0.00257
0.002573
0.002363
0.002448
0.002369
0.00266
0.002465
0.002344
0.002364
0.002454
0.00274
0.00243
0.002466
0.002437
0.002348
0.002357
0.002529
0.002436
0.002313
0.00247
0.002286
0.002337
0.002526
0.002509
0.002295
0.002465
0.002454
0.002403
0.002404
0.00254
0.002326
0.002443
0.00244
0.002371
0.00251
0.002517
0.0025
0.002326
0.002373
0.002395
0.002313
0.002439
0.002466
0.005121
0.002431
0.002389
0.00235
0.002533
0.002937
0.002372
0.002512
0.002601
0.002594
0.002333
0.002615
0.002321
0.002379
0.002724
0.002541
0.002435
0.002539
0.002332
0.002357
0.00233
0.002403
0.002587
0.002441
0.002465
0.002465
0.002357
0.002417
0.002351
0.002409
0.002508
0.002303
0.00243
0.002483
0.00237
0.002295
0.002426
0.002342
0.002498
0.002822
0.002888
0.002995
0.003278
0.00265
0.002402
0.002371
0.002468
0.002479
0.002543
0.00233
0.002424
0.002392
0.002471
0.002329
0.002473
0.002412
0.002404
0.00239
0.002365
0.002439
0.002396
0.002364
0.002472
0.002393
0.002346
0.002417
0.002414
0.002417
0.002501
0.002348
0.002334
0.002619
0.002348
0.002367
0.002425
0.002424
0.002294
0.002613
0.002356
0.002338
0.002426
0.002355
0.002364
0.002518
0.002444
0.002381
0.002516
0.002557
0.002546
0.002552
0.002389
0.002462
0.002548
0.002452
0.002417
0.002325
0.002306
0.002348
0.002407
0.00249
0.002424
0.002416
0.002365
0.002307
0.002412
0.002753
0.002388
0.002432
0.002305
0.00247
0.002397
0.003115
0.002504
0.0026
0.002307
0.002383
0.002472
0.002458
0.002588
0.002543
0.002366
0.002329
0.002594
0.002423
0.002321
0.002418
0.002379
0.002485
0.002319
0.002463
0.002492
0.002297
0.002481
0.002626
0.002555
0.002377
0.002657
0.002509
0.002351
0.002452
0.002374
0.002303
0.002375
0.002579
0.002344
0.002286
0.002402
0.002369
0.002274
0.002542
0.002645
0.002322
0.002427
0.002328
0.002338
0.00258
0.002478
0.00249
0.002337
0.002419
0.002404
0.002332
0.002476
0.003184
0.002498
0.002516
0.002437
0.002434
0.002416
0.002308
0.002458
0.002522
0.002356
0.002431
0.002338
0.002491
0.002471
0.002341
0.002403
0.002315
0.00237
0.002424
0.002463
0.003254
0.002712
0.002451
0.00241
0.002475
0.002313
0.002546
0.002379
0.002411
0.00248
0.002304
0.007305
0.002843
0.002407
0.002339
0.002877
0.002381
0.002395
0.002383
0.002537
0.002569
0.002527
0.002558
0.002488
0.002363
0.002518
0.002536
0.002781
0.002348
0.002402
0.002456
0.002445
0.002363
0.002561
0.002383
0.002399
0.002519
0.002642
0.002329
0.002473
0.002406
0.002396
0.002482
0.002352
0.002464
0.002329
0.002484
0.002329
0.002482
0.002456
0.002424
0.002321
0.003212
0.00243
0.003016
0.003079
0.002681
0.002985
0.002514
0.00241
0.002422
0.002407
0.002356
0.002338
0.00253
0.002423
0.00228
0.00295
0.002642
0.002418
0.002587
0.002408
0.002521
0.002518
0.002348
0.002451
0.002315
0.002426
0.002414
0.002391
0.00243
0.002324
0.002338
0.002523
0.002656
0.002351
0.002557
0.002336
0.002399
0.002601
0.002526
0.002481
0.002373
0.002415
0.002392
0.002302
0.002421
0.002382
0.002453
0.002344
0.002363
0.00322
0.0023
0.002418
0.002417
0.002437
0.002303
0.00279
0.002352
0.002418
0.002272
0.00235
0.002712
0.002302
0.002363
0.002452
0.002388
0.002458
0.002462
0.002422
0.002399
0.002312
0.002403
0.002541
0.002313
0.002413
0.002328
0.00254
0.002477
0.002365
0.002298
0.002624
0.002268
0.002327
0.002551
0.002318
0.00235
0.002376
0.002406
0.002437
0.002434
0.002357
0.002509
0.002462
0.002434
0.00245
0.002321
0.00239
0.002382
0.002392
0.002285
0.002611
0.002374
0.002364
0.002447
0.002413
0.002496
0.002417
0.002457
0.002359
0.002289
0.002575
0.002587
0.002286
0.00239
0.002514
0.002464
0.002362
0.002411
0.002361
0.002452
0.002501
0.002539
0.002439
0.002291
0.00268
0.002409
0.00272
0.002302
0.004622
0.002351
0.002316
0.002332
0.002496
0.002551
0.002699
0.002388
0.002471
0.002342
0.002589
0.002418
0.002438
0.002488
0.002461
0.002453
0.002521
0.002547
0.002426
0.00248
0.002317
0.002625
0.002796
0.00278
0.003096
0.003316
0.002539
0.002408
0.002296
0.002292
0.002443
0.002547
0.002471
0.002427
0.002516
0.002507
0.002477
0.002444
0.002373
0.002489
0.002418
0.002297
0.002339
0.002412
0.002513
0.002367
0.002846
0.002426
0.002521
0.002258
0.002492
0.002307
0.002331
0.002503
0.002445
0.00259
0.003345
0.002329
0.002349
0.002445
0.002318
0.002453
0.002494
0.002622
0.002439
0.002394
0.002423
0.002507
0.002369
0.00249
0.00246
0.002451
0.002554
0.002553
0.00252
0.002457
0.002464
0.002362
0.002469
0.002375
0.002509
0.002359
0.00243
0.00237
0.002383
0.00238
0.002287
0.002426
0.002487
0.002542
0.00242
0.002456
0.00232
0.002547
0.002606
0.00276
0.002725
0.002654
0.002367
0.002405
0.003166
0.002318
0.002334
0.002456
0.002421
0.00247
0.002483
0.002323
0.002363
0.002536
0.002399
0.002391
0.002291
0.002535
0.002503
0.002497
0.002466
0.002394
0.002305
0.002364
0.002443
0.002354
0.002619
0.002401
0.002386
0.002353
0.002434
0.002329
0.003011
0.002451
0.002451
0.002403
0.002585
0.002511
0.002435
0.002461
0.002355
0.002285
0.002335
0.002472
0.002349
0.002367
0.002427
0.002306
0.00239
0.00258
0.002312
0.00251
0.002575
0.002539
0.002622
0.002327
0.002507
0.002483
0.002274
0.002346
0.002578
0.002389
0.002514
0.002371
0.002348
0.002534
0.002451
0.002324
0.002339
0.002414
0.002368
0.002365
0.002387
0.002348
0.002395
0.002511
0.002352
0.002515
0.002321
0.002784
0.002338
0.002341
0.002865
0.00253
0.00242
0.002428
0.002465
0.00231
0.006068
0.002474
0.002538
0.002442
0.002687
0.002863
0.002499
0.002408
0.002331
0.002432
0.002419
0.002463
0.002292
0.00244
0.002444
0.002527
0.003032
0.004055
0.002774
0.004085
0.002928
0.002854
0.003748
0.003675
0.002493
0.00295
0.00281
0.002744
0.003115
0.0025
0.003615
0.002524
0.002479
0.002783
0.002468
0.002915
0.002696
0.002386
0.00251
0.002532
0.003864
0.002783
0.002841
0.002848
0.002832
0.003398
0.002662
0.003212
0.002544
0.002858
0.003087
0.002342
0.002798
0.003163
0.002498
0.002616
0.00242
0.002315
0.002634
0.002539
0.002304
0.002401
0.002327
0.002352
0.002332
0.002424
0.00233
0.002361
0.002527
0.002368
0.002522
0.002877
0.002386
0.002456
0.0025
0.002285
0.002435
0.002488
0.002359
0.002346
0.002544
0.002471
0.002774
0.002665
0.002962
0.002463
0.002518
0.002271
0.002437
0.002912
0.00242
0.00241
0.002379
0.002316
0.002394
0.002304
0.002421
0.002453
0.0024
0.002383
0.002434
0.002578
0.002339
0.00233
0.002377
0.00236
0.002448
0.002416
0.002314
0.002514
0.00245
0.002472
0.002432
0.002419
0.002453
0.002525
0.002402
0.00247
0.002292
0.002483
0.002499
0.002496
0.002392
0.002656
0.002464
0.002508
0.002366
0.002392
0.00262
0.002509
0.002323
0.002321
0.002571
0.002319
0.002596
0.002589
0.002433
0.002379
0.002436
0.002282
0.002954
0.002385
0.002413
0.002439
0.002317
0.002559
0.0024
0.002508
0.00235
0.002351
0.002465
0.002624
0.002376
0.002465
0.002401
0.002339
0.003182
0.002489
0.002279
0.002322
0.00267
0.002474
0.002372
0.002516
0.002394
0.002464
0.002329
0.00239
0.002402
0.002293
0.002438
0.00227
0.002347
0.005061
0.002924
0.002788
0.004006
0.004214
0.002544
0.002569
0.00244
0.002412
0.002392
0.002709
0.00237
0.002684
0.00246
0.002342
0.002441
0.002425
0.002577
0.002399
0.002294
0.002516
0.002411
0.002471
0.002591
0.002359
0.002297
0.002408
0.002444
0.00247
0.002465
0.002466
0.002362
0.0023
0.002419
0.002313
0.002433
0.002364
0.002379
0.002341
0.002489
0.002321
0.002284
0.002292
0.002441
0.002497
0.002374
0.002401
0.002427
0.002446
0.002486
0.002358
0.002537
0.002583
0.002408
0.002657
0.002537
0.002462
0.00238
0.002338
0.002608
0.002476
0.002463
0.002544
0.002384
0.002579
0.002487
0.002503
0.002314
0.002338
0.002469
0.002306
0.002301
0.003346
0.002352
0.002341
0.002544
0.002369
0.002347
0.002501
0.00251
0.00242
0.002627
0.002353
0.002388
0.002385
0.002581
0.0023
0.00293
0.002311
0.002486
0.002356
0.00246
0.002407
0.002309
0.002485
0.002418
0.002334
0.002354
0.002467
0.002819
0.002352
0.002357
0.002426
0.002489
0.002514
0.002363
0.002308
0.002487
0.00235
0.002428
0.002495
0.002402
0.002305
0.002446
0.002375
0.002532
0.002384
0.002393
0.002387
0.002354
0.002542
0.002467
0.002436
0.002316
0.00239
0.002302
0.002495
0.002443
0.002411
0.00248
0.00255
0.002585
0.002554
0.002633
0.002456
0.002433
0.002466
0.002378
0.0024
0.002559
0.002533
0.002323
0.002465
0.002539
0.002414
0.002458
0.002435
0.00243
0.00237
0.002624
0.002436
0.002453
0.002388
0.002402
0.002745
0.002484
0.00247
0.002399
0.002423
0.002454
0.002374
0.002503
0.002464
0.002583
0.002407
0.003119
0.00247
0.002265
0.002465
0.002351
0.002384
0.002433
0.002505
0.002304
0.002626
0.002348
0.002985
0.002394
0.002306
0.002538
0.002316
0.002748
0.002325
0.002487
0.002477
0.002376
0.003473
0.002604
0.002331
0.002551
0.002449
0.002956
0.003081
0.00313
0.003158
0.002601
0.002573
0.002414
0.002377
0.002303
0.002383
0.002509
0.00271
0.002494
0.00256
0.0025
0.002425
0.002459
0.00246
0.002276
0.002505
0.002306
0.006888
0.002292
0.002375
0.002533
0.003788
0.002419
0.002413
0.00244
0.00236
0.00325
0.002388
0.002292
0.002456
0.002375
0.002512
0.002347
0.002476
0.002388
0.002508
0.002264
0.002411
0.002427
0.002415
0.00251
0.00239
0.002414
0.002733
0.002361
0.002339
0.002294
0.002354
0.00239
0.002606
0.002305
0.002462
0.002521
0.002558
0.002434
0.002471
0.002359
0.002466
0.002496
0.002387
0.002578
0.002347
0.002515
0.002427
0.002394
0.002461
0.002914
0.002475
0.00258
0.002368
0.002632
0.002592
0.002463
0.002436
0.002493
0.002479
0.00244
0.003409
0.003266
0.003146
0.002433
0.002806
0.002398
0.00257
0.00279
0.002597
0.002401
0.002501
0.002401
0.002288
0.002494
0.003428
0.002589
0.002464
0.002469
0.002344
0.002383
0.002453
0.002398
0.00243
0.002326
0.002451
0.00235
0.002493
0.002427
0.002367
0.002338
0.002494
0.002792
0.002531
0.002458
0.00245
0.002408
0.002445
0.002654
0.002617
0.002585
0.002434
0.002466
0.002362
0.002262
0.002454
0.002309
0.002451
0.002387
0.002436
0.002496
0.002319
0.002509
0.002757
0.002405
0.002478
0.002364
0.00236
0.002341
0.002379
0.002435
0.002652
0.002437
0.002519
0.002392
0.00238
0.002473
0.0026
0.002638
0.002725
0.002354
0.002416
0.002443
0.002459
0.002294
0.002918
0.002832
0.002949
0.003385
0.002677
0.002435
0.002408
0.002294
0.00242
0.002501
0.004555
0.002333
0.00233
0.002581
0.002356
0.00256
0.002701
0.002378
0.002304
0.00245
0.002317
0.002464
0.002527
0.002671
0.002494
0.002381
0.002425
0.002482
0.002442
0.002399
0.002415
0.002343
0.002458
0.002309
0.002378
0.002418
0.002473
0.00288
0.002309
0.002238
0.002433
0.002295
0.002408
0.002402
0.002278
0.002415
0.002399
0.002517
0.002319
0.00248
0.002407
0.002499
0.002311
0.002487
0.002511
0.00243
0.002505
0.002352
0.00244
0.002312
0.002625
0.002478
0.002339
0.002361
0.002411
0.002342
0.002446
0.002973
0.00235
0.002548
0.002391
0.002386
0.002344
0.002555
0.002296
0.002466
0.002586
0.002369
0.002329
0.002627
0.002518
0.002476
0.002621
0.002392
0.00252
0.00233
0.002452
0.002414
0.003609
0.002297
0.002387
0.002374
0.00232
0.002434
0.002299
0.002349
0.002403
0.002444
0.002493
0.002588
0.002372
0.002504
0.002281
0.002289
0.002328
0.002349
0.002438
0.00253
0.002371
0.002406
0.002561
0.002421
0.002364
0.002435
0.002544
0.002323
0.002464
0.002375
0.002418
0.002338
0.002336
0.002797
0.002536
0.002364
0.002364
0.002294
0.002526
0.002568
0.002378
0.002388
0.002418
0.002286
0.002538
0.002454
0.002411
0.002301
0.00237
0.002589
0.002467
0.002447
0.002475
0.002343
0.002508
0.00238
0.002393
0.00242
0.00241
0.002419
0.002335
0.002405
0.002336
0.002519
0.00239
0.002591
0.00247
0.002572
0.002433
0.002347
0.002386
0.002468
0.003169
0.002627
0.002363
0.002277
0.002349
0.002345
0.003349
0.002867
0.003454
0.002919
0.003007
0.002445
0.002503
0.004305
0.002434
0.002778
0.002343
0.002793
0.003205
0.002416
0.002946
0.002681
0.003071
0.002931
0.002406
0.002286
0.002406
0.002864
0.002756
0.002357
0.002414
0.002685
0.002687
0.002524
0.002595
0.002884
0.002621
0.00312
0.002493
0.002608
0.00253
0.00273
0.002628
0.002672
0.002598
0.002358
0.002754
0.002273
0.00241
0.002551
0.002404
0.002473
0.002429
0.002445
0.002453
0.002738
0.002516
0.002458
0.002732
0.003473
0.003503
0.00246
0.002461
0.002461
0.002412
0.002349
0.002318
0.002517
0.002455
0.002302
0.00256
0.002413
0.002337
0.002469
0.002435
0.002695
0.002404
0.002301
0.002378
0.002421
0.002857
0.002463
0.002338
0.002291
0.003293
0.002919
0.002417
0.002375
0.002414
0.002366
0.002535
0.002341
0.002348
0.002409
0.002345
0.002437
0.002799
0.002537
0.002467
0.002449
0.002274
0.002511
0.002423
0.002361
0.00241
0.002342
0.002506
0.00242
0.002556
0.002382
0.002378
0.002361
0.002519
0.002389
0.002515
0.002364
0.00263
0.002813
0.002338
0.002482
0.002531
0.00233
0.00238
0.002548
0.002639
0.002462
0.002355
0.002474
0.00228
0.00258
0.00243
0.002664
0.002286
0.002424
0.002395
0.002452
0.002503
0.002411
0.002481
0.002321
0.002495
0.002342
0.002306
0.002419
0.003062
0.002437
0.002531
0.002472
0.002429
0.002436
0.002559
0.002478
0.00251
0.002541
0.00231
0.002428
0.002481
0.002362
0.002371
0.002414
0.002432
0.002486
0.002718
0.002647
0.002458
0.00243
0.002367
0.002459
0.002575
0.002418
0.002392
0.002391
0.002406
0.002794
0.002311
0.002476
0.002311
0.00243
0.002411
0.003704
0.002786
0.002925
0.003189
0.002538
0.00238
0.002526
0.002397
0.002482
0.002453
0.002549
0.002478
0.002354
0.00253
0.002491
0.002336
0.002531
0.002424
0.002421
0.002343
0.002498
0.002408
0.002403
0.00254
0.002425
0.002439
0.004244
0.002326
0.002313
0.002563
0.002455
0.002797
0.002414
0.002354
0.002399
0.00251
0.002363
0.002714
0.002472
0.002479
0.002523
0.002627
0.002467
0.002892
0.002423
0.002318
0.002602
0.00243
0.002498
0.002287
0.002369
0.002418
0.00237
0.002535
0.002418
0.00255
0.002324
0.0024
0.002296
0.002365
0.00244
0.002509
0.002409
0.002485
0.002405
0.002396
0.002266
0.002456
0.002385
0.00238
0.002395
0.002413
0.002457
0.002307
0.002458
0.002424
0.002413
0.002327
0.002398
0.002417
0.002373
0.002654
0.002501
0.002474
0.002308
0.00246
0.002305
0.002437
0.002303
0.002396
0.00244
0.002454
0.003404
0.002415
0.002458
0.002377
0.002503
0.002486
0.002419
0.002433
0.002298
0.002352
0.002388
0.002479
0.002361
0.002374
0.002472
0.002417
0.002322
0.00286
0.002448
0.002348
0.002464
0.00232
0.002412
0.002416
0.002334
0.002392
0.002562
0.002349
0.00239
0.002427
0.002472
0.002418
0.002371
0.002409
0.002891
0.00249
0.002476
0.002325
0.002264
0.00253
0.00234
0.002443
0.002543
0.002481
0.002334
0.002463
0.002456
0.002353
0.002374
0.002406
0.002388
0.00271
0.002411
0.002422
0.002579
0.00247
0.002328
0.002325
0.002402
0.002445
0.002389
0.002419
0.002558
0.002321
0.002381
0.002453
0.00229
0.002392
0.002309
0.002486
0.00231
0.002545
0.00236
0.002419
0.002491
0.002367
0.00241
0.00241
0.002612
0.002303
0.002482
0.002413
0.002355
0.002509
0.002972
0.002352
0.002462
0.002446
0.002405
0.00246
0.005929
0.002952
0.002503
0.002332
0.002442
0.002448
0.00236
0.002302
0.002476
0.002455
0.002444
0.002346
0.00245
0.002279
0.002321
0.002542
0.002387
0.002334
0.002491
0.002446
0.002347
0.002316
0.002613
0.002408
0.002377
0.002518
0.003923
0.00248
0.002489
0.002388
0.002381
0.002407
0.002475
0.002541
0.002554
0.002346
0.002789
0.002449
0.002421
0.00239
0.002382
0.002515
0.002289
0.002353
0.002355
0.00241
0.002342
0.002475
0.002736
0.002501
0.002509
0.002306
0.002439
0.00254
0.002379
0.002331
0.002413
0.002356
0.002411
0.002487
0.002486
0.002376
0.002588
0.002452
0.002328
0.002444
0.002551
0.002372
0.002339
0.002334
0.002473
0.00236
0.002373
0.002554
0.002355
0.002423
0.002379
0.002454
0.00239
0.002451
0.002432
0.002491
0.002494
0.002394
0.002359
0.002405
0.002443
0.002583
0.002656
0.00235
0.002738
0.002447
0.002519
0.002388
0.002395
0.002438
0.002448
0.002339
0.002394
0.002397
0.002487
0.00239
0.00244
0.004969
0.003169
0.002605
0.002421
0.002406
0.002538
0.002462
0.002333
0.002293
0.002425
0.002255
0.002416
0.002628
0.002449
0.002487
0.002488
0.002358
0.002354
0.002416
0.002405
0.002393
0.002488
0.002518
0.002429
0.00239
0.002463
0.002395
0.002487
0.002437
0.002348
0.002365
0.002453
0.00248
0.002444
0.002356
0.002328
0.002309
0.002403
0.004388
0.002611
0.002351
0.002404
0.002268
0.003844
0.002645
0.0024
0.002454
0.002483
0.002367
0.002407
0.002635
0.002405
0.002523
0.002489
0.002581
0.002381
0.002357
0.002494
0.002373
0.002513
0.002836
0.002651
0.003066
0.003467
0.00267
0.002364
0.002442
0.002291
0.002404
0.004066
0.002523
0.002558
0.002431
0.002326
0.00244
0.002466
0.002402
0.002436
0.002309
0.002509
0.00252
0.00289
0.00272
0.002639
0.002419
0.002301
0.002347
0.002393
0.002421
0.002509
0.002419
0.002399
0.002401
0.002504
0.002367
0.0024
0.002398
0.002334
0.002319
0.002336
0.002422
0.002397
0.004288
0.002331
0.00255
0.002556
0.002412
0.00246
0.002668
0.002336
0.002394
0.002395
0.002638
0.002445
0.002723
0.002482
0.002314
0.00322
0.00245
0.002323
0.002479
0.003878
0.002354
0.00242
0.002579
0.002383
0.002359
0.002442
0.002413
0.002398
0.002433
0.002415
0.002385
0.002429
0.002301
0.002546
0.002286
0.002495
0.002462
0.002562
0.002464
0.002345
0.002371
0.002504
0.002317
0.002512
0.002845
0.002568
0.002462
0.002414
0.002324
0.002408
0.002504
0.002339
0.002329
0.002515
0.00243
0.003506
0.002457
0.002381
0.002492
0.0024
0.002469
0.00233
0.002421
0.002404
0.002343
0.002302
0.002288
0.00251
0.002481
0.002315
0.002336
0.002394
0.002423
0.00254
0.002304
0.002411
0.002327
0.002346
0.002486
0.002493
0.002451
0.002385
0.002404
0.002461
0.002394
0.002377
0.002422
0.002284
0.002356
0.00242
0.002411
0.002383
0.002311
0.00244
0.002779
0.002386
0.002343
0.002455
0.002388
0.002407
0.003277
0.002456
0.002487
0.002547
0.002313
0.002625
0.002394
0.002261
0.00241
0.002702
0.003372
0.003448
0.002855
0.003506
0.003292
0.006285
0.00303
0.003534
0.003725
0.003201
0.002691
0.002457
0.002924
0.002412
0.002636
0.002802
0.002651
0.002802
0.002365
0.002748
0.00244
0.003758
0.00246
0.003082
0.002484
0.002287
0.003246
0.002806
0.002494
0.002358
0.002409
0.002884
0.002337
0.002817
0.002646
0.00272
0.002655
0.002697
0.002464
0.002405
0.002567
0.002375
0.002454
0.002369
0.002423
0.002462
0.002607
0.002392
0.002453
0.002272
0.002619
0.002291
0.002459
0.002561
0.002509
0.002399
0.00277
0.002582
0.002382
0.002443
0.0025
0.002794
0.004851
0.00275
0.002342
0.002519
0.002596
0.002883
0.002495
0.002424
0.002337
0.002466
0.002387
0.002615
0.002488
0.002321
0.002379
0.002414
0.002464
0.002462
0.002586
0.002357
0.002686
0.002334
0.0025
0.002522
0.002404
0.002553
0.002476
0.002294
0.002448
0.00238
0.002646
0.002529
0.002414
0.00245
0.002391
0.00243
0.002433
0.002352
0.002565
0.002414
0.002544
0.00243
0.002399
0.002384
0.00253
0.002563
0.002485
0.002463
0.002331
0.002415
0.002767
0.002353
0.002397
0.002333
0.002484
0.002518
0.002442
0.002472
0.002484
0.002422
0.002371
0.002445
0.0023
0.002423
0.002327
0.00274
0.002509
0.002397
0.002494
0.002383
0.002527
0.002299
0.002372
0.002422
0.002341
0.002363
0.002482
0.002509
0.002313
0.002512
0.002517
0.00234
0.002452
0.006107
0.002268
0.002359
0.002331
0.004414
0.002814
0.002402
0.002491
0.002477
0.002941
0.00238
0.002359
0.002547
0.002439
0.002516
0.002309
0.002432
0.002508
0.002402
0.002302
0.002442
0.002455
0.002364
0.002522
0.002308
0.002403
0.002421
0.002341
0.002422
0.00249
0.00244
0.002436
0.00237
0.002561
0.00232
0.002458
0.002924
0.002771
0.002747
0.002995
0.00332
0.002583
0.002598
0.002474
0.002486
0.002318
0.002347
0.002387
0.002626
0.003218
0.002384
0.002487
0.002462
0.00238
0.003202
0.002388
0.002413
0.002528
0.00235
0.002486
0.002311
0.002284
0.002462
0.002515
0.002446
0.002394
0.00254
0.0023
0.002487
0.002454
0.002507
0.002443
0.002454
0.002301
0.002558
0.002522
0.002503
0.002576
0.002444
0.002446
0.002332
0.002341
0.002532
0.002386
0.002372
0.002347
0.002448
0.002414
0.002427
0.002436
0.002464
0.002459
0.002362
0.002415
0.002492
0.002603
0.002363
0.002335
0.002418
0.004395
0.00231
0.002423
0.002352
0.002314
0.002595
0.002605
0.002407
0.00242
0.002463
0.002617
0.002518
0.002407
0.002438
0.002351
0.002436
0.002485
0.002351
0.002417
0.002477
0.002335
0.002405
0.002401
0.002322
0.002425
0.002379
0.002316
0.002454
0.002556
0.002446
0.0025
0.002464
0.002432
0.002606
0.002497
0.002433
0.002288
0.002453
0.00248
0.002435
0.002469
0.002405
0.002433
0.002415
0.00327
0.002553
0.002363
0.0024
0.002339
0.002396
0.002391
0.002359
0.002328
0.002485
0.002434
0.002352
0.002418
0.002611
0.002454
0.002937
0.002426
0.002297
0.002409
0.002477
0.002399
0.002561
0.002471
0.002477
0.002346
0.0025
0.002526
0.00235
0.002683
0.002441
0.002374
0.002564
0.002395
0.002717
0.002645
0.002469
0.002356
0.002423
0.002458
0.002402
0.002468
0.002388
0.002325
0.00241
0.002604
0.002506
0.002432
0.002397
0.002334
0.00237
0.002491
0.002315
0.002483
0.002312
0.002445
0.002506
0.002345
0.002424
0.002456
0.003124
0.002365
0.002714
0.002311
0.002538
0.002419
0.002449
0.002801
0.002448
0.002365
0.002422
0.002407
0.002421
0.003013
0.003171
0.002891
0.004879
0.002548
0.002365
0.002466
0.002452
0.002468
0.00238
0.002534
0.002358
0.0025
0.002273
0.002733
0.002352
0.002363
0.002348
0.002368
0.002517
0.002472
0.002499
0.002446
0.002675
0.002439
0.002327
0.002479
0.00247
0.002287
0.002462
0.002397
0.002376
0.00253
0.00243
0.002344
0.002522
0.002437
0.002671
0.002328
0.002559
0.002392
0.003467
0.002552
0.002388
0.002373
0.002328
0.004078
0.002539
0.002413
0.002335
0.002388
0.002595
0.002464
0.00238
0.002918
0.00232
0.002447
0.002508
0.002397
0.002498
0.004472
0.002576
0.002404
0.002499
0.002375
0.002476
0.002425
0.002451
0.00244
0.002358
0.002412
0.002662
0.002335
0.002572
0.002366
0.003302
0.002508
0.003774
0.003341
0.003359
0.002787
0.002343
0.002397
0.002326
0.00245
0.002434
0.002366
0.002513
0.002488
0.002335
0.002502
0.002658
0.002315
0.002336
0.002501
0.002349
0.002394
0.002625
0.002411
0.002409
0.002358
0.00238
0.002383
0.00269
0.002444
0.002386
0.002452
0.002307
0.002664
0.002417
0.002484
0.00236
0.002446
0.002505
0.002339
0.002454
0.002619
0.002413
0.002576
0.002506
0.002349
0.002516
0.00233
0.002484
0.002351
0.002531
0.002279
0.002505
0.002413
0.002498
0.002427
0.002412
0.002452
0.002367
0.002436
0.002403
0.002626
0.002541
0.002638
0.002562
0.002521
0.002402
0.002331
0.002315
0.002478
0.002464
0.00238
0.0024
0.002461
0.002368
0.002389
0.002463
0.002405
0.002419
0.003951
0.002439
0.002372
0.002562
0.002339
0.002579
0.002549
0.002455
0.002561
0.002641
0.002766
0.002753
0.003132
0.003341
0.002456
0.00251
0.002345
0.002327
0.002489
0.002496
0.002394
0.00247
0.002404
0.002435
0.002447
0.00249
0.002505
0.002462
0.002588
0.002516
0.002293
0.002436
0.002409
0.002321
0.00276
0.002398
0.003925
0.00249
0.002315
0.002566
0.002394
0.002502
0.002378
0.002519
0.002306
0.002358
0.002288
0.002427
0.00231
0.002561
0.002501
0.002339
0.002328
0.002362
0.002269
0.002472
0.002337
0.002395
0.002367
0.002421
0.002455
0.002317
0.002574
0.002464
0.002297
0.002491
0.002324
0.00239
0.002348
0.002344
0.002498
0.00228
0.00238
0.002345
0.002432
0.002302
0.002488
0.00241
0.002415
0.00237
0.002292
0.002626
0.002313
0.002511
0.002296
0.002377
0.002376
0.00489
0.002321
0.002526
0.002564
0.002517
0.002555
0.002416
0.002498
0.002533
0.002355
0.00233
0.002625
0.002392
0.00228
0.002405
0.002495
0.002459
0.002501
0.002452
0.002502
0.002326
0.00247
0.002434
0.002377
0.002378
0.002508
0.002427
0.002481
0.002391
0.002459
0.002499
0.002324
0.002618
0.002508
0.00239
0.002349
0.002332
0.002565
0.002858
0.002496
0.002315
0.002326
0.002554
0.002431
0.002444
0.002451
0.002402
0.002368
0.002331
0.002384
0.002379
0.002337
0.002431
0.002361
0.002458
0.002422
0.002685
0.003901
0.002333
0.002655
0.002362
0.002465
0.003462
0.002888
0.003129
0.002979
0.003005
0.009692
0.003027
0.002847
0.003196
0.002715
0.00278
0.002453
0.00262
0.002865
0.002687
0.002558
0.003169
0.003367
0.002576
0.002412
0.00241
0.003012
0.00255
0.002805
0.002833
0.00241
0.00261
0.002676
0.002407
0.002476
0.002348
0.002702
0.003316
0.002925
0.002935
0.003204
0.002659
0.002622
0.002501
0.002417
0.002638
0.002445
0.002369
0.002377
0.00238
0.00259
0.002539
0.002685
0.002413
0.002393
0.002624
0.00238
0.002885
0.002462
0.002367
0.002392
0.002602
0.002332
0.002429
0.002406
0.002414
0.002462
0.002388
0.002396
0.002337
0.002399
0.002659
0.002369
0.002373
0.002623
0.002458
0.002271
0.002466
0.002361
0.002373
0.002303
0.002367
0.002346
0.002537
0.002451
0.002555
0.002337
0.00234
0.002377
0.002387
0.002395
0.002464
0.002613
0.002346
0.002487
0.002354
0.002312
0.002562
0.002414
0.002358
0.002413
0.002318
0.002471
0.002482
0.0024
0.002327
0.002325
0.002317
0.002494
0.002486
0.002366
0.002378
0.002497
0.002501
0.002611
0.002396
0.002496
0.002338
0.002284
0.002655
0.002293
0.00244
0.002599
0.002278
0.002459
0.002513
0.002444
0.002352
0.0024
0.002661
0.002341
0.002292
0.00245
0.002323
0.002485
0.002594
0.00238
0.002483
0.002472
0.002461
0.002366
0.002389
0.002377
0.002315
0.002527
0.002502
0.003726
0.002482
0.002608
0.002337
0.002422
0.002355
0.00228
0.002421
0.002627
0.002307
0.002409
0.002507
0.002316
0.002353
0.002528
0.002459
0.002407
0.002464
0.0025
0.00237
0.002462
0.002346
0.002348
0.002315
0.002447
0.002351
0.00242
0.00244
0.002345
0.002439
0.002471
0.002325
0.00237
0.00244
0.002441
0.002357
0.002408
0.002451
0.00234
0.00244
0.00248
0.002337
0.002407
0.002372
0.002365
0.002525
0.002272
0.002446
0.002411
0.002328
0.002463
0.002566
0.002252
0.0024
0.00253
0.002336
0.002564
0.002959
0.002731
0.003355
0.00238
0.002524
0.002341
0.002457
0.002438
0.002576
0.002456
0.002841
0.0024
0.00251
0.002549
0.002348
0.002394
0.002317
0.002415
0.003889
0.003414
0.002503
0.002443
0.002385
0.002336
0.002413
0.003044
0.002504
0.002373
0.003114
0.00236
0.002461
0.002343
0.002405
0.002703
0.002537
0.002388
0.002295
0.002432
0.002389
0.002411
0.002322
0.002286
0.002319
0.002384
0.002486
0.002307
0.002309
0.002383
0.002473
0.002352
0.002569
0.002463
0.002408
0.002345
0.002432
0.002317
0.002452
0.002414
0.002466
0.002417
0.002404
0.002642
0.0024
0.002397
0.00232
0.002248
0.00243
0.002309
0.002406
0.002394
0.002459
0.00242
0.00254
0.002495
0.002325
0.002415
0.002369
0.002386
0.003091
0.002572
0.002424
0.002361
0.002501
0.002352
0.002363
0.002399
0.002353
0.002435
0.002448
0.002428
0.002321
0.002365
0.002351
0.002299
0.002466
0.002909
0.002669
0.002364
0.002543
0.002307
0.002509
0.002445
0.002523
0.002277
0.002372
0.002422
0.002465
0.002737
0.002668
0.002517
0.002452
0.002326
0.002376
0.002372
0.002474
0.002454
0.002476
0.002408
0.002406
0.002321
0.00251
0.002475
0.002368
0.002338
0.002703
0.002968
0.002401
0.002359
0.002386
0.002616
0.002562
0.002318
0.002444
0.002715
0.002451
0.002371
0.002446
0.002287
0.002531
0.002632
0.002371
0.002266
0.002449
0.002404
0.002508
0.002593
0.002395
0.002489
0.002378
0.002369
0.002406
0.00234
0.002316
0.002459
0.002424
0.002644
0.002313
0.002456
0.002724
0.002685
0.002928
0.002491
0.002409
0.002352
0.002637
0.003207
0.003201
0.002698
0.002337
0.002511
0.002361
0.00233
0.002508
0.002442
0.002532
0.002659
0.002567
0.002342
0.002526
0.002527
0.002308
0.002834
0.002443
0.002427
0.002415
0.002398
0.002593
0.002427
0.002359
0.002337
0.002467
0.002497
0.002407
0.002383
0.002466
0.002336
0.002291
0.002591
0.002585
0.002397
0.002506
0.002343
0.002353
0.002633
0.002411
0.002584
0.002413
0.002489
0.002403
0.002566
0.002425
0.002291
0.00236
0.00249
0.002462
0.002388
0.002375
0.002405
0.002414
0.002438
0.002422
0.002462
0.002392
0.002416
0.002439
0.002392
0.002538
0.0024
0.002259
0.002386
0.002561
0.002395
0.002433
0.002452
0.002513
0.002329
0.002542
0.002507
0.00246
0.002307
0.002322
0.002615
0.002424
0.002546
0.002378
0.002322
0.002426
0.00237
0.002612
0.00245
0.00242
0.002482
0.002599
0.002401
0.002413
0.002339
0.002448
0.002557
0.002507
0.002497
0.002857
0.002371
0.002444
0.002335
0.00238
0.002424
0.002435
0.002457
0.002446
0.002543
0.002317
0.002404
0.002377
0.002304
0.002597
0.003554
0.002611
0.002526
0.002405
0.002358
0.00251
0.002814
0.002498
0.002491
0.002331
0.002473
0.002484
0.002746
0.002445
0.002385
0.002516
0.002924
0.002467
0.002333
0.002388
0.002367
0.00239
0.002615
0.002377
0.002489
0.00243
0.002501
0.002537
0.002496
0.002359
0.002539
0.002499
0.002454
0.002408
0.00239
0.002357
0.002552
0.002265
0.002458
0.0023
0.002457
0.00249
0.002474
0.002451
0.002489
0.002282
0.002313
0.00242
0.002468
0.00237
0.002504
0.002471
0.002557
0.002361
0.002427
0.002457
0.002462
0.002911
0.002483
0.002625
0.002411
0.002438
0.002502
0.002495
0.002337
0.002345
0.002288
0.002351
0.00228
0.002562
0.002541
0.002571
0.00282
0.002695
0.003059
0.00312
0.002391
0.002497
0.002393
0.002474
0.002382
0.002435
0.002679
0.002716
0.002718
0.002275
0.002527
0.002358
0.002392
0.002452
0.002303
0.002342
0.002394
0.002364
0.002592
0.002305
0.002447
0.002421
0.002437
0.002458
0.002402
0.002383
0.002439
0.003089
0.002313
0.002333
0.002403
0.002449
0.006238
0.002283
0.002638
0.002322
0.002531
0.002394
0.003202
0.002305
0.002423
0.003165
0.0025
0.002476
0.002558
0.002383
0.002633
0.00243
0.002536
0.002437
0.002391
0.002292
0.002486
0.002498
0.002383
0.002344
0.002462
0.002893
0.002316
0.002487
0.00243
0.002331
0.002467
0.002634
0.002626
0.00251
0.002399
0.002436
0.002462
0.002303
0.002492
0.002355
0.002517
0.002396
0.002458
0.002395
0.002511
0.00224
0.002481
0.002269
0.002497
0.002479
0.002387
0.002352
0.002469
0.002341
0.002433
0.002356
0.002616
0.002438
0.002293
0.002445
0.002317
0.002306
0.002365
0.002298
0.002473
0.002303
0.002373
0.002331
